0.000000   0,
0.063215   1
0.138671   537
0.143391   1073
1.139671   537
1.215127   1609
1.219847   2145
1.295303   2681
1.300023   3217
1.375479   3753
1.380199   4289
1.455655   4825
1.460375   5361
1.465095   5897
1.535831   6433
1.540551   6969
1.611287   7505
1.616007   8041
1.686743   8577
1.691463   9113
1.696183   9649
1.762199   10185
1.766919   10721
1.771639   11257
1.776359   11793
1.842375   12329
1.847095   12865
1.922551   11257
1.998007   13401
2.002727   13937
2.078183   14473
2.082903   15009
2.158359   15545
2.163079   16081
2.167799   16617
2.238535   17153
2.243255   17689
2.313991   18225
2.318711   18761
2.389447   19297
2.394167   19833
2.398887   20369
2.464903   20905
2.469623   21441
2.474343   21977
2.479063   22513
2.545079   23049
2.549799   23585
2.554519   24121
2.559239   24657
2.625255   25193
2.629975   25729
2.634695   26265
2.639415   26801
2.644135   27337
2.705431   27873
2.710151   28409
2.714871   28945
2.719591   29481
2.780887   30017
2.785607   30553
2.856343   28409
2.861063   31089
2.931799   31625
3.007255   32161
3.011975   32697
3.016695   33233
3.087431   33769
3.092151   34305
3.162887   34841
3.167607   35377
3.238343   35913
3.243063   36449
3.247783   36985
3.323239   35377
3.398695   37521
3.403415   38057
3.478871   38593
3.483591   39129
3.559047   39665
3.563767   40201
3.568487   40737
3.639223   41273
3.643943   41809
3.714679   42345
3.719399   42881
3.790135   43417
3.794855   43953
3.799575   44489
3.865591   45025
3.870311   45561
3.875031   46097
3.879751   46633
3.945767   47169
3.950487   47705
3.955207   48241
3.959927   48777
4.025943   49313
4.030663   49849
4.035383   50385
4.040103   50921
4.044823   51457
4.106119   51993
4.110839   52529
4.115559   53065
4.120279   53601
4.181575   54137
4.186295   54673
4.191015   55209
4.195735   55745
4.200455   56281
4.257031   56817
4.261751   57353
4.271191   57889
4.337207   55209
4.346647   58425
4.412663   58961
4.417383   59497
4.492839   60033
5.492839   58961
5.568295   60569
5.573015   61105
5.648471   61641
5.653191   62177
5.728647   62713
5.733367   63249
5.808823   63785
5.813543   64321
5.818263   64857
5.888999   65393
5.893719   65929
5.964455   66465
5.969175   67001
6.039911   67537
6.044631   68073
6.049351   68609
6.115367   69145
6.120087   69681
6.124807   70217
6.129527   70753
6.195543   71289
6.200263   71825
6.204983   72361
6.209703   72897
6.275719   73433
6.280439   73969
6.285159   74505
6.289879   75041
6.294599   75577
6.355895   76113
6.360615   76649
6.365335   77185
6.370055   77721
6.431351   78257
6.436071   78793
6.440791   79329
6.445511   79865
6.450231   80401
6.506807   80937
6.511527   81473
6.516247   82009
6.520967   82545
6.525687   83081
6.530407   83617
6.586983   84153
6.591703   84689
6.596423   85225
6.601143   85761
6.605863   86297
6.610583   86833
6.615303   87369
6.667159   87905
6.671879   88441
6.676599   88977
6.681319   89513
6.686039   90049
6.690759   90585
6.742615   91121
6.747335   91657
6.752055   92193
6.756775   92729
6.761495   93265
6.766215   93801
6.818071   94337
6.822791   94873
6.827511   95409
6.832231   95945
6.836951   96481
6.841671   97017
6.846391   97553
6.893527   98089
6.898247   98625
6.902967   99161
6.907687   99697
6.912407   100233
6.917127   100769
6.921847   101305
6.926567   101841
6.973703   102377
6.978423   102913
6.983143   103449
6.987863   103985
6.992583   104521
6.997303   105057
7.002023   105593
7.006743   106129
7.011463   106665
7.053879   107201
7.058599   107737
7.063319   108273
7.068039   108809
7.072759   109345
7.077479   109881
7.082199   110417
7.086919   110953
7.129335   111489
7.134055   112025
7.138775   112561
7.143495   113097
7.148215   113633
7.152935   114169
7.157655   114705
7.162375   115241
7.204791   115777
7.209511   116313
7.214231   116849
7.218951   117385
7.223671   117921
7.228391   118457
7.233111   118993
7.237831   119529
7.242551   120065
7.280247   120601
7.284967   121137
7.289687   121673
7.294407   122209
7.299127   122745
7.303847   123281
7.308567   123817
7.313287   124353
7.318007   124889
7.322727   125425
7.360423   125961
7.365143   126497
7.369863   127033
7.374583   127569
7.379303   128105
7.384023   128641
7.388743   129177
7.393463   129713
7.398183   130249
7.402903   130785
7.407623   131321
7.440599   131857
7.445319   132393
7.450039   132929
7.454759   133465
7.459479   134001
7.464199   134537
7.468919   135073
7.473639   135609
7.478359   136145
7.483079   136681
7.516055   137217
7.520775   137753
7.525495   138289
7.530215   138825
7.534935   139361
7.539655   139897
7.544375   140433
7.549095   140969
7.553815   141505
7.558535   142041
7.563255   142577
7.591511   143113
7.596231   143649
7.600951   144185
7.605671   144721
7.610391   145257
7.615111   145793
7.619831   146329
7.624551   146865
7.638711   140969
7.681127   147401
7.685847   147937
7.690567   148473
7.695287   149009
7.700007   149545
7.714167   150081
7.761303   150617
7.766023   151153
7.770743   151689
7.775463   152225
7.789623   152761
7.794343   153297
7.841479   153833
7.846199   154369
7.850919   154905
7.855639   155441
7.869799   155977
7.874519   156513
7.879239   157049
7.921655   157585
7.926375   158121
7.931095   158657
7.935815   159193
7.949975   159729
7.954695   160265
7.997111   160801
8.001831   161337
8.006551   161873
8.011271   162409
8.025431   162945
8.030151   163481
8.072567   164017
8.077287   164553
8.082007   165089
8.086727   165625
8.091447   166161
8.100887   166697
8.105607   167233
8.148023   167769
8.152743   168305
8.157463   168841
8.162183   169377
8.166903   169913
8.171623   170449
8.181063   170985
8.185783   171521
8.228199   172057
8.232919   172593
8.237639   173129
8.242359   173665
8.247079   174201
8.251799   174737
8.256519   175273
8.261239   175809
8.265959   176345
8.308375   176881
8.313095   177417
8.317815   177953
8.322535   178489
8.336695   174201
8.388551   179025
8.397991   179561
8.412151   177953
8.416871   180097
8.464007   180633
8.473447   181169
8.487607   181705
8.539463   182241
8.544183   182777
8.563063   183313
8.567783   183849
8.572503   184385
8.619639   184921
8.624359   185457
8.643239   185993
8.647959   186529
8.695095   187065
8.699815   187601
8.718695   188137
8.723415   188673
8.770551   189209
8.775271   189745
8.779991   190281
8.794151   190817
8.798871   191353
8.846007   191889
8.850727   192425
8.869607   192961
8.926183   190281
8.945063   193497
9.001639   194033
9.006359   194569
9.077095   195105
9.081815   195641
9.152551   196177
9.157271   196713
9.228007   197249
9.232727   197785
9.237447   198321
9.303463   198857
9.308183   199393
9.312903   199929
9.317623   200465
9.383639   201001
9.388359   201537
9.393079   202073
9.397799   202609
9.402519   203145
9.468535   203681
10.468535   201537
10.543991   203145
10.548711   203681
10.619447   204217
10.624167   204753
10.628887   205289
10.699623   205825
10.704343   206361
10.775079   206897
10.779799   207433
10.850535   207969
10.855255   208505
10.925991   209041
10.930711   209577
10.935431   210113
11.001447   210649
11.006167   211185
11.076903   211721
12.076903   210113
14.076903   210113
14.152359   212257
14.157079   212793
14.232535   213329
14.237255   213865
14.312711   214401
14.317431   214937
14.392887   215473
14.397607   216009
14.402327   216545
14.473063   217081
14.477783   217617
14.548519   218153
14.553239   218689
14.623975   219225
14.628695   219761
14.633415   220297
14.708871   218689
14.784327   220833
14.789047   221369
14.864503   221905
14.869223   222441
15.864503   221905
17.864503   221905
17.939959   222977
17.944679   223513
18.020135   224049
18.024855   224585
19.020135   224049
19.095591   225121
19.100311   225657
19.175767   226193
19.180487   226729
19.255943   227265
19.260663   227801
19.336119   228337
19.340839   228873
19.345559   229409
19.421015   229945
20.421015   228873
20.496471   230481
20.501191   231017
20.576647   231553
20.581367   232089
20.656823   232625
20.661543   233161
20.736999   233697
20.741719   234233
20.746439   234769
20.817175   235305
20.821895   235841
20.892631   236377
20.897351   236913
20.968087   237449
20.972807   237985
20.977527   238521
21.043543   239057
21.048263   239593
21.052983   240129
21.057703   240665
21.123719   241201
21.128439   241737
21.133159   242273
21.137879   242809
21.203895   243345
21.208615   243881
21.213335   244417
21.218055   244953
21.222775   245489
21.284071   246025
21.288791   246561
21.293511   247097
21.298231   247633
21.359527   248169
21.364247   248705
21.368967   249241
21.373687   249777
21.378407   250313
21.434983   250849
21.439703   251385
21.444423   251921
21.449143   252457
21.453863   252993
21.458583   253529
21.515159   254065
21.519879   254601
21.524599   255137
21.529319   255673
21.534039   256209
21.538759   256745
21.543479   257281
21.595335   257817
21.600055   258353
21.604775   258889
21.609495   259425
21.614215   259961
21.618935   260497
21.670791   261033
21.675511   261569
21.680231   262105
21.684951   262641
21.689671   263177
21.694391   263713
21.746247   264249
21.750967   264785
21.755687   265321
21.760407   265857
21.765127   266393
21.769847   266929
21.774567   267465
21.821703   268001
21.826423   268537
21.831143   269073
21.835863   269609
21.840583   270145
21.845303   270681
21.850023   271217
21.854743   271753
21.901879   272289
21.906599   272825
21.911319   273361
21.916039   273897
21.920759   274433
21.925479   274969
21.930199   275505
21.934919   276041
21.939639   276577
21.982055   277113
21.986775   277649
21.991495   278185
21.996215   278721
22.000935   279257
22.005655   279793
22.010375   280329
22.015095   280865
22.057511   281401
22.062231   281937
22.066951   282473
22.071671   283009
22.076391   283545
22.081111   284081
22.085831   284617
22.090551   285153
22.132967   285689
22.137687   286225
22.142407   286761
22.147127   287297
22.151847   287833
22.156567   288369
22.161287   288905
22.166007   289441
22.170727   289977
22.208423   290513
22.213143   291049
22.217863   291585
22.222583   292121
22.227303   292657
22.232023   293193
22.283879   288369
22.302759   293729
22.307479   294265
22.359335   289441
22.364055   294801
22.378215   295337
22.382935   295873
22.434791   291585
22.439511   296409
22.444231   296945
22.453671   297481
22.458391   298017
22.510247   298553
22.519687   299089
22.524407   299625
22.533847   300161
22.538567   300697
22.595143   301233
22.599863   301769
22.609303   302305
22.614023   302841
22.670599   303377
22.675319   303913
22.680039   304449
22.684759   304985
22.689479   305521
22.746055   306057
22.750775   306593
22.755495   307129
22.760215   307665
22.764935   308201
22.769655   308737
22.826231   309273
22.830951   309809
22.835671   310345
22.840391   310881
22.845111   311417
22.849831   311953
22.854551   312489
22.906407   313025
22.911127   313561
22.915847   314097
22.920567   314633
22.925287   315169
22.930007   315705
22.981863   316241
22.986583   316777
22.991303   317313
22.996023   317849
23.000743   318385
23.005463   318921
23.057319   319457
23.062039   319993
23.066759   320529
23.071479   321065
23.076199   321601
23.080919   322137
23.085639   322673
23.132775   323209
23.137495   323745
23.142215   324281
23.146935   324817
23.151655   325353
23.156375   325889
23.161095   326425
23.165815   326961
23.212951   327497
23.217671   328033
23.222391   328569
23.227111   329105
23.231831   329641
23.236551   330177
23.293127   325889
23.307287   330713
23.312007   331249
23.368583   331785
23.373303   332321
23.387463   332857
23.392183   333393
23.448759   333929
23.453479   334465
23.458199   335001
23.467639   335537
23.472359   336073
23.528935   336609
23.533655   337145
23.543095   337681
23.547815   338217
23.604391   338753
23.609111   339289
23.618551   339825
23.623271   340361
23.627991   340897
23.694007   338217
23.698727   341433
23.703447   341969
23.769463   342505
23.778903   343041
23.783623   343577
23.854359   344113
23.859079   344649
23.929815   345185
23.934535   345721
23.939255   346257
24.005271   346793
24.009991   347329
24.014711   347865
24.019431   348401
24.085447   348937
24.090167   349473
24.094887   350009
24.099607   350545
24.104327   351081
24.165623   351617
24.170343   352153
24.175063   352689
24.179783   353225
24.241079   353761
24.245799   354297
24.250519   354833
24.255239   355369
24.316535   355905
24.321255   356441
24.325975   356977
24.330695   357513
24.335415   358049
24.391991   358585
24.396711   359121
24.401431   359657
24.406151   360193
24.410871   360729
24.415591   361265
24.472167   361801
24.476887   362337
24.481607   362873
24.486327   363409
24.491047   363945
24.495767   364481
24.500487   365017
24.552343   365553
24.557063   366089
24.561783   366625
24.566503   367161
24.575943   367697
24.651399   364481
24.726855   365553
24.802311   366625
24.807031   368233
24.877767   368769
24.882487   369305
24.953223   369841
24.957943   370377
24.962663   370913
25.028679   371449
25.033399   371985
25.038119   372521
25.042839   373057
25.108855   373593
25.113575   374129
25.118295   374665
25.123015   375201
25.189031   375737
25.193751   376273
25.198471   376809
25.203191   377345
25.207911   377881
25.269207   378417
25.273927   378953
25.278647   379489
25.283367   380025
25.344663   380561
25.349383   381097
25.354103   381633
25.358823   382169
25.363543   382705
25.420119   383241
25.424839   383777
25.429559   384313
25.434279   384849
25.438999   385385
25.443719   385921
25.500295   386457
25.505015   386993
25.509735   387529
25.514455   388065
25.519175   388601
25.523895   389137
25.580471   389673
25.585191   390209
25.589911   390745
25.594631   391281
25.599351   391817
25.604071   392353
25.608791   392889
25.660647   393425
25.665367   393961
25.670087   394497
25.674807   395033
25.679527   395569
25.684247   396105
25.736103   396641
25.740823   397177
25.745543   397713
25.750263   398249
25.754983   398785
25.759703   399321
25.764423   399857
25.811559   400393
25.816279   400929
25.820999   401465
25.825719   402001
25.830439   402537
25.835159   403073
25.839879   403609
25.844599   404145
25.891735   404681
25.896455   405217
25.901175   405753
25.905895   406289
25.910615   406825
25.915335   407361
25.920055   407897
25.924775   408433
25.929495   408969
25.971911   409505
25.976631   410041
25.981351   410577
25.986071   411113
25.990791   411649
25.995511   412185
26.000231   412721
26.004951   413257
26.047367   413793
26.052087   414329
26.056807   414865
26.061527   415401
26.066247   415937
26.070967   416473
26.122823   412185
26.136983   417009
26.141703   417545
26.146423   418081
26.198279   418617
26.217159   419153
26.221879   419689
26.273735   420225
26.278455   420761
26.283175   421297
26.297335   421833
26.302055   422369
26.353911   422905
26.358631   423441
26.372791   423977
26.377511   424513
26.429367   425049
26.434087   425585
26.448247   426121
26.452967   426657
26.457687   427193
26.509543   427729
26.533143   425049
26.584999   428265
26.608599   428801
26.613319   429337
26.684055   429873
26.688775   430409
26.759511   430945
26.764231   431481
26.834967   432017
26.839687   432553
26.844407   433089
26.910423   433625
26.915143   434161
26.919863   434697
26.924583   435233
26.990599   435769
26.995319   436305
27.000039   436841
27.004759   437377
27.009479   437913
27.070775   438449
27.075495   438985
27.080215   439521
27.084935   440057
27.146231   440593
27.150951   441129
27.155671   441665
27.160391   442201
27.221687   442737
27.226407   443273
27.231127   443809
27.235847   444345
27.240567   444881
27.297143   445417
27.301863   445953
27.306583   446489
27.311303   447025
27.316023   447561
27.320743   448097
27.377319   448633
27.382039   449169
27.386759   449705
27.391479   450241
27.396199   450777
27.400919   451313
27.405639   451849
27.457495   452385
27.462215   452921
27.466935   453457
27.471655   453993
27.476375   454529
27.481095   455065
27.532951   455601
27.537671   456137
27.542391   456673
27.547111   457209
27.551831   457745
27.556551   458281
27.608407   458817
27.613127   459353
27.617847   459889
27.622567   460425
27.627287   460961
27.632007   461497
27.636727   462033
27.688583   462569
27.702743   458817
27.712183   463105
27.764039   463641
27.778199   464177
27.782919   464713
27.839495   465249
27.844215   465785
27.858375   466321
27.863095   466857
27.919671   467393
27.924391   467929
27.938551   468465
27.943271   469001
27.947991   469537
28.018727   467393
28.094183   469537
28.098903   470073
28.174359   470609
28.179079   471145
28.254535   471681
28.259255   472217
28.263975   472753
28.334711   473289
28.339431   473825
28.410167   474361
28.414887   474897
28.485623   475433
28.490343   475969
28.495063   476505
28.561079   477041
28.565799   477577
28.570519   478113
28.575239   478649
28.641255   479185
28.645975   479721
28.650695   480257
28.655415   480793
28.730871   479185
28.806327   481329
28.811047   481865
28.886503   482401
28.891223   482937
28.966679   483473
28.971399   484009
28.976119   484545
29.046855   485081
29.051575   485617
29.122311   486153
29.127031   486689
29.197767   487225
29.202487   487761
29.207207   488297
29.277943   488833
30.277943   487225
32.277943   487225
32.353399   488297
32.358119   488833
32.428855   489369
32.433575   489905
32.509031   490441
32.513751   490977
32.589207   491513
32.593927   492049
32.598647   492585
32.669383   493121
32.674103   493657
32.744839   494193
32.749559   494729
32.825015   495265
32.829735   495801
33.825015   494193
33.900471   496337
33.905191   496873
33.980647   497409
33.985367   497945
34.060823   498481
34.065543   499017
34.140999   499553
34.145719   500089
34.150439   500625
34.221175   501161
34.225895   501697
34.296631   502233
34.301351   502769
34.372087   503305
34.376807   503841
34.381527   504377
34.447543   504913
34.452263   505449
34.456983   505985
34.461703   506521
34.527719   507057
34.532439   507593
34.537159   508129
34.541879   508665
34.607895   509201
34.612615   509737
34.617335   510273
34.622055   510809
34.626775   511345
34.688071   511881
34.692791   512417
34.697511   512953
34.702231   513489
34.763527   514025
34.768247   514561
34.772967   515097
34.777687   515633
34.782407   516169
34.838983   516705
34.843703   517241
34.848423   517777
34.853143   518313
34.857863   518849
34.862583   519385
34.919159   519921
34.923879   520457
34.928599   520993
34.933319   521529
34.938039   522065
34.942759   522601
34.947479   523137
34.999335   523673
35.004055   524209
35.008775   524745
35.013495   525281
35.018215   525817
35.022935   526353
35.074791   526889
35.079511   527425
35.084231   527961
35.088951   528497
35.093671   529033
35.098391   529569
35.150247   530105
35.154967   530641
35.159687   531177
35.164407   531713
35.169127   532249
35.173847   532785
35.178567   533321
35.225703   533857
35.230423   534393
35.235143   534929
35.239863   535465
35.244583   536001
35.249303   536537
35.254023   537073
35.258743   537609
35.305879   538145
35.310599   538681
35.315319   539217
35.320039   539753
35.334199   536001
35.386055   540289
35.390775   540825
35.395495   541361
35.409655   541897
35.470951   542433
36.470951   540825
36.546407   542969
36.551127   543505
36.626583   544041
36.631303   544577
36.706759   545113
36.711479   545649
36.786935   546185
36.791655   546721
36.796375   547257
36.867111   547793
36.871831   548329
36.942567   548865
36.947287   549401
37.018023   549937
37.022743   550473
37.027463   551009
37.093479   551545
37.098199   552081
37.102919   552617
37.107639   553153
37.173655   553689
37.178375   554225
37.183095   554761
37.187815   555297
37.253831   555833
37.258551   556369
37.263271   556905
37.267991   557441
37.272711   557977
37.338727   558513
37.414183   556369
37.489639   559049
37.494359   559585
37.569815   560121
37.574535   560657
37.579255   561193
37.649991   561729
37.654711   562265
37.725447   562801
37.730167   563337
37.800903   563873
37.805623   564409
37.810343   564945
37.876359   565481
37.881079   566017
37.885799   566553
37.890519   567089
37.956535   567625
37.961255   568161
37.965975   568697
37.970695   569233
38.036711   569769
38.041431   570305
38.046151   570841
38.050871   571377
38.055591   571913
38.116887   572449
38.121607   572985
38.126327   573521
38.131047   574057
38.192343   574593
38.197063   575129
38.201783   575665
38.206503   576201
38.211223   576737
38.267799   577273
38.272519   577809
38.277239   578345
38.281959   578881
38.286679   579417
38.291399   579953
38.347975   580489
38.352695   581025
38.357415   581561
38.362135   582097
38.366855   582633
38.371575   583169
38.376295   583705
38.428151   584241
38.432871   584777
38.437591   585313
38.442311   585849
38.447031   586385
38.451751   586921
38.503607   587457
38.508327   587993
38.513047   588529
38.517767   589065
38.522487   589601
38.527207   590137
38.579063   590673
38.583783   591209
38.588503   591745
38.593223   592281
38.597943   592817
38.602663   593353
38.607383   593889
38.654519   594425
38.659239   594961
38.663959   595497
38.668679   596033
38.673399   596569
38.678119   597105
38.682839   597641
38.687559   598177
38.734695   598713
38.739415   599249
38.753575   595497
38.763015   599785
38.810151   600321
38.814871   600857
38.829031   601393
38.885607   601929
38.890327   602465
38.904487   603001
38.909207   603537
38.965783   604073
38.970503   604609
39.045959   603001
39.121415   605145
39.126135   605681
39.201591   606217
39.206311   606753
39.281767   607289
39.286487   607825
39.291207   608361
39.361943   608897
39.366663   609433
39.437399   609969
39.442119   610505
39.512855   611041
39.517575   611577
39.522295   612113
39.588311   612649
39.593031   613185
39.597751   613721
39.602471   614257
39.668487   614793
39.673207   615329
39.677927   615865
39.682647   616401
39.748663   616937
39.753383   617473
39.758103   618009
39.762823   618545
39.767543   619081
39.828839   619617
39.833559   620153
39.838279   620689
39.842999   621225
39.904295   621761
39.909015   622297
39.913735   622833
39.918455   623369
39.923175   623905
39.979751   624441
39.984471   624977
39.989191   625513
39.993911   626049
40.055207   626585
40.069367   623905
40.130663   627121
40.144823   627657
40.149543   628193
40.220279   628729
40.224999   629265
40.295735   629801
40.300455   630337
40.371191   630873
40.375911   631409
40.380631   631945
40.446647   632481
40.451367   633017
40.456087   633553
40.460807   634089
40.526823   634625
40.531543   635161
40.536263   635697
40.540983   636233
40.545703   636769
40.606999   637305
40.611719   637841
40.616439   638377
40.621159   638913
40.682455   639449
40.687175   639985
40.691895   640521
40.696615   641057
40.757911   641593
40.762631   642129
40.767351   642665
40.772071   643201
40.776791   643737
40.833367   644273
40.838087   644809
40.842807   645345
40.847527   645881
40.852247   646417
40.856967   646953
40.913543   647489
40.918263   648025
40.922983   648561
40.927703   649097
40.932423   649633
40.937143   650169
40.941863   650705
40.993719   651241
40.998439   651777
41.003159   652313
41.007879   652849
41.012599   653385
41.017319   653921
41.069175   654457
41.073895   654993
41.078615   655529
41.083335   656065
41.088055   656601
41.092775   657137
41.144631   657673
41.149351   658209
41.168231   654993
41.224807   658745
41.243687   656601
41.248407   659281
41.300263   659817
41.319143   660353
41.375719   660889
41.380439   661425
41.385159   661961
41.451175   662497
41.455895   663033
41.460615   663569
41.465335   664105
41.531351   664641
41.536071   665177
41.611527   663569
41.686983   665713
41.691703   666249
41.767159   666785
41.771879   667321
41.847335   667857
41.852055   668393
41.856775   668929
41.927511   669465
41.932231   670001
42.002967   670537
42.007687   671073
42.078423   671609
42.083143   672145
42.087863   672681
42.153879   673217
42.158599   673753
42.163319   674289
42.168039   674825
42.234055   675361
42.238775   675897
42.243495   676433
42.248215   676969
42.314231   677505
42.318951   678041
42.323671   678577
42.328391   679113
42.333111   679649
42.394407   680185
42.399127   680721
42.403847   681257
42.408567   681793
42.469863   682329
42.474583   682865
42.479303   683401
42.484023   683937
42.488743   684473
42.545319   685009
42.550039   685545
42.554759   686081
42.559479   686617
42.620775   687153
42.634935   684473
42.696231   687689
42.710391   688225
42.715111   688761
42.785847   689297
42.790567   689833
42.861303   690369
42.866023   690905
42.936759   691441
42.941479   691977
42.946199   692513
43.021655   690905
43.097111   693049
43.101831   693585
43.177287   694121
43.182007   694657
43.257463   695193
43.262183   695729
43.266903   696265
43.337639   696801
43.342359   697337
43.413095   697873
43.417815   698409
43.488551   698945
43.493271   699481
43.497991   700017
43.564007   700553
43.568727   701089
43.573447   701625
43.578167   702161
43.644183   702697
43.648903   703233
43.653623   703769
43.658343   704305
43.724359   704841
43.729079   705377
43.733799   705913
43.738519   706449
43.743239   706985
43.804535   707521
43.809255   708057
43.813975   708593
43.818695   709129
43.879991   709665
43.884711   710201
43.889431   710737
43.894151   711273
43.898871   711809
43.955447   712345
43.960167   712881
43.964887   713417
43.969607   713953
43.974327   714489
43.979047   715025
44.035623   715561
44.040343   716097
44.049783   716633
44.125239   713953
44.200695   715025
44.205415   717169
44.276151   717705
44.280871   718241
44.351607   718777
44.356327   719313
44.427063   719849
44.431783   720385
44.502519   720921
44.507239   721457
44.511959   721993
44.577975   722529
44.582695   723065
44.587415   723601
44.592135   724137
44.667591   722529
45.587415   722529
45.662871   724673
45.667591   725209
45.743047   725745
45.747767   726281
45.823223   726817
45.827943   727353
45.903399   727889
45.908119   728425
45.912839   728961
45.983575   729497
45.988295   730033
46.059031   730569
46.063751   731105
46.134487   731641
46.139207   732177
46.143927   732713
46.209943   733249
46.214663   733785
46.219383   734321
46.224103   734857
46.290119   735393
46.294839   735929
46.299559   736465
46.304279   737001
46.370295   737537
46.375015   738073
46.379735   738609
46.384455   739145
46.389175   739681
46.450471   740217
46.455191   740753
46.459911   741289
46.464631   741825
46.525927   742361
46.530647   742897
46.535367   743433
46.540087   743969
46.544807   744505
46.601383   745041
46.606103   745577
46.610823   746113
46.615543   746649
46.620263   747185
46.624983   747721
46.681559   748257
46.686279   748793
46.690999   749329
46.695719   749865
46.700439   750401
46.705159   750937
46.709879   751473
46.761735   752009
46.766455   752545
46.771175   753081
46.775895   753617
46.780615   754153
46.785335   754689
46.837191   755225
46.841911   755761
46.846631   756297
46.851351   756833
46.856071   757369
46.860791   757905
46.912647   758441
46.917367   758977
46.922087   759513
46.926807   760049
46.931527   760585
46.936247   761121
46.940967   761657
46.988103   762193
46.992823   762729
46.997543   763265
47.002263   763801
47.006983   764337
47.011703   764873
47.016423   765409
47.021143   765945
47.068279   766481
47.072999   767017
47.077719   767553
47.082439   768089
47.087159   768625
47.091879   769161
47.096599   769697
47.101319   770233
47.106039   770769
47.148455   771305
47.153175   771841
47.157895   772377
47.162615   772913
47.167335   773449
47.172055   773985
47.176775   774521
47.181495   775057
47.223911   775593
47.228631   776129
47.242791   771841
47.256951   776665
47.299367   777201
47.304087   777737
47.318247   778273
47.374823   778809
47.379543   779345
47.393703   779881
47.398423   780417
47.403143   780953
47.454999   781489
47.459719   782025
47.473879   782561
47.478599   783097
47.530455   783633
47.535175   784169
47.549335   784705
47.554055   785241
47.605911   785777
47.610631   786313
47.615351   786849
47.624791   787385
47.629511   787921
47.681367   788457
47.686087   788993
47.690807   789529
47.695527   790065
47.704967   790601
47.709687   791137
47.761543   791673
47.766263   792209
47.770983   792745
47.775703   793281
47.785143   793817
47.789863   794353
47.794583   794889
47.841719   795425
47.846439   795961
47.851159   796497
47.855879   797033
47.865319   797569
47.870039   798105
47.917175   798641
47.921895   799177
47.926615   799713
47.931335   800249
47.940775   800785
47.945495   801321
47.992631   801857
47.997351   802393
48.002071   802929
48.006791   803465
48.011511   804001
48.016231   804537
48.020951   805073
48.068087   805609
48.072807   806145
48.077527   806681
48.082247   807217
48.086967   807753
48.091687   808289
48.096407   808825
48.101127   809361
48.148263   809897
48.152983   810433
48.157703   810969
48.162423   811505
48.167143   812041
48.171863   812577
48.176583   813113
48.181303   813649
48.186023   814185
48.228439   814721
48.233159   815257
48.237879   815793
48.242599   816329
48.247319   816865
48.252039   817401
48.256759   817937
48.261479   818473
48.303895   819009
48.308615   819545
48.313335   820081
48.318055   820617
48.322775   821153
48.327495   821689
48.332215   822225
48.336935   822761
48.341655   823297
48.379351   823833
48.384071   824369
48.388791   824905
48.393511   825441
48.398231   825977
48.402951   826513
48.407671   827049
48.412391   827585
48.417111   828121
48.421831   828657
48.459527   829193
48.464247   829729
48.468967   830265
48.473687   830801
48.478407   831337
48.483127   831873
48.487847   832409
48.492567   832945
48.497287   833481
48.502007   834017
48.539703   834553
48.544423   835089
48.549143   835625
48.553863   836161
48.558583   836697
48.563303   837233
48.568023   837769
48.572743   838305
48.577463   838841
48.582183   839377
48.586903   839913
48.619879   840449
48.624599   840985
48.629319   841521
48.634039   842057
48.638759   842593
48.643479   843129
48.657639   837769
48.704775   843665
48.709495   844201
48.714215   844737
48.718935   845273
48.733095   845809
48.784951   846345
48.789671   846881
48.794391   847417
48.799111   847953
48.803831   848489
48.860407   849025
48.865127   849561
48.869847   850097
48.874567   850633
48.879287   851169
48.884007   851705
48.940583   852241
48.945303   852777
48.950023   853313
48.954743   853849
48.959463   854385
48.964183   854921
49.020759   855457
49.025479   855993
49.030199   856529
49.034919   857065
49.039639   857601
49.044359   858137
49.049079   858673
49.100935   859209
49.105655   859745
49.110375   860281
49.115095   860817
49.119815   861353
49.124535   861889
49.176391   862425
49.181111   862961
49.185831   863497
49.190551   864033
49.195271   864569
49.199991   865105
49.204711   865641
49.251847   866177
49.256567   866713
49.261287   867249
49.266007   867785
49.270727   868321
49.275447   868857
49.280167   869393
49.284887   869929
49.332023   870465
49.336743   871001
49.341463   871537
49.346183   872073
49.355623   872609
49.412199   868857
49.421639   873145
49.431079   873681
49.497095   874217
49.506535   874753
49.572551   875289
49.581991   875825
49.648007   876361
49.657447   876897
49.723463   877433
49.732903   877969
49.798919   878505
49.808359   879041
49.874375   879577
49.883815   880113
49.949831   880649
49.959271   881185
50.025287   881721
50.034727   882257
50.100743   882793
50.110183   883329
50.176199   883865
50.185639   884401
50.251655   884937
50.261095   885473
50.327111   886009
50.336551   886545
50.355623   868857
50.431079   887081
50.435799   887617
50.511255   888153
50.515975   888689
50.520695   889225
50.591431   889761
50.596151   890297
50.600871   890833
50.666887   891369
50.671607   891905
50.676327   892441
50.742343   892977
50.747063   893513
50.817799   890833
50.822519   894049
50.893255   894585
50.897975   895121
50.968711   895657
50.973431   896193
51.044167   896729
51.048887   897265
51.119623   897801
51.124343   898337
51.129063   898873
51.195079   899409
51.199799   899945
51.204519   900481
51.209239   901017
51.275255   901553
51.279975   902089
51.284695   902625
51.289415   903161
51.294135   903697
51.355431   904233
51.360151   904769
51.364871   905305
51.369591   905841
51.430887   906377
51.435607   906913
51.440327   907449
51.445047   907985
51.506343   908521
51.511063   909057
51.515783   909593
51.520503   910129
51.525223   910665
51.581799   911201
51.586519   911737
51.591239   912273
51.595959   912809
51.600679   913345
51.605399   913881
51.661975   914417
51.666695   914953
51.671415   915489
51.676135   916025
51.680855   916561
51.685575   917097
51.690295   917633
51.742151   918169
51.746871   918705
51.761031   915489
51.817607   919241
51.822327   919777
51.836487   920313
51.897783   920849
51.902503   921385
51.907223   921921
51.973239   922457
51.977959   922993
51.982679   923529
51.987399   924065
52.053415   924601
52.058135   925137
52.062855   925673
52.067575   926209
52.133591   926745
52.138311   927281
52.143031   927817
52.147751   928353
52.152471   928889
52.213767   929425
52.218487   929961
52.223207   930497
52.227927   931033
52.289223   931569
52.293943   932105
52.298663   932641
52.303383   933177
52.308103   933713
52.364679   934249
52.369399   934785
52.374119   935321
52.378839   935857
52.383559   936393
52.388279   936929
52.444855   937465
52.449575   938001
52.454295   938537
52.459015   939073
52.463735   939609
52.468455   940145
52.525031   940681
52.529751   941217
52.534471   941753
52.539191   942289
52.543911   942825
52.548631   943361
52.553351   943897
52.605207   944433
52.609927   944969
52.614647   945505
52.619367   946041
52.624087   946577
52.628807   947113
52.680663   947649
52.685383   948185
52.699543   944969
52.756119   948721
52.774999   948185
52.779719   949257
52.855175   949793
53.855175   948721
53.930631   950329
53.935351   950865
54.010807   951401
54.015527   951937
54.090983   952473
54.095703   953009
54.171159   953545
54.175879   954081
54.180599   954617
54.256055   955153
55.256055   954081
55.331511   955689
55.336231   956225
55.411687   956761
55.416407   957297
55.491863   957833
55.496583   958369
55.572039   958905
55.576759   959441
55.581479   959977
55.652215   960513
55.656935   961049
55.727671   961585
55.732391   962121
55.803127   962657
55.807847   963193
55.812567   963729
55.878583   964265
55.883303   964801
55.888023   965337
55.892743   965873
55.958759   966409
55.963479   966945
55.968199   967481
55.972919   968017
56.038935   968553
56.043655   969089
56.048375   969625
56.053095   970161
56.057815   970697
56.119111   971233
56.123831   971769
56.128551   972305
56.133271   972841
56.194567   973377
56.199287   973913
56.204007   974449
56.208727   974985
56.213447   975521
56.270023   976057
56.274743   976593
56.279463   977129
56.284183   977665
56.288903   978201
56.293623   978737
56.350199   979273
56.354919   979809
56.359639   980345
56.364359   980881
56.369079   981417
56.373799   981953
56.378519   982489
56.430375   983025
56.435095   983561
56.439815   984097
56.444535   984633
56.449255   985169
56.453975   985705
56.510551   986241
56.524711   983025
56.586007   986777
56.661463   987313
57.510551   983025
57.586007   987313
57.590727   987849
57.666183   988385
57.670903   988921
57.675623   989457
57.746359   989993
57.751079   990529
57.755799   991065
57.821815   991601
57.826535   992137
57.831255   992673
57.835975   993209
57.840695   993745
57.901991   994281
57.906711   994817
57.911431   995353
57.916151   995889
57.977446   996425
57.982166   996961
57.986886   997497
57.991606   998033
58.052902   998569
58.057622   999105
58.062342   999641
58.067062   1000177
58.071782   1000713
58.128358   1001249
58.133078   1001785
58.137798   1002321
58.142518   1002857
58.147238   1003393
58.151958   1003929
58.208534   1004465
58.213254   1005001
58.217974   1005537
58.222694   1006073
58.227414   1006609
58.232134   1007145
58.236854   1007681
58.288710   1008217
58.293430   1008753
58.302870   1009289
58.368886   1006073
58.444342   1008217
58.449062   1009825
58.519798   1010361
58.524518   1010897
58.595254   1011433
58.599974   1011969
58.604694   1012505
58.670710   1013041
58.675430   1013577
58.680150   1014113
58.684870   1014649
58.750886   1015185
58.755606   1015721
58.760326   1016257
58.765046   1016793
58.831062   1017329
58.835782   1017865
58.840502   1018401
58.845222   1018937
58.849942   1019473
58.920678   1017329
58.925398   1020009
58.996134   1020545
59.071590   1021081
59.076310   1021617
59.081030   1022153
59.151766   1022689
59.156486   1023225
59.227222   1023761
59.231942   1024297
59.302678   1024833
59.307398   1025369
59.312118   1025905
59.378134   1026441
59.382854   1026977
59.387574   1027513
59.392294   1028049
59.458310   1028585
59.463030   1029121
59.467750   1029657
59.472470   1030193
59.538486   1030729
59.543206   1031265
59.547926   1031801
59.552646   1032337
59.557366   1032873
59.618662   1033409
59.623382   1033945
59.628102   1034481
59.632822   1035017
59.694118   1035553
59.698838   1036089
59.703558   1036625
59.708278   1037161
59.712998   1037697
59.769574   1038233
59.774294   1038769
59.779014   1039305
59.783734   1039841
59.788454   1040377
59.793174   1040913
59.854470   1041449
59.868630   1038769
59.929926   1041985
59.944086   1042521
59.948806   1043057
60.019542   1043593
60.024262   1044129
60.094998   1044665
60.099718   1045201
60.170454   1045737
60.175174   1046273
60.179894   1046809
60.245910   1047345
60.250630   1047881
60.255350   1048417
60.260070   1048953
60.326086   1049489
60.330806   1050025
60.335526   1050561
60.340246   1051097
60.344966   1051633
60.406262   1052169
60.410982   1052705
60.415702   1053241
60.420422   1053777
60.481718   1054313
60.486438   1054849
60.491158   1055385
60.495878   1055921
60.557174   1056457
60.561894   1056993
60.566614   1057529
60.571334   1058065
60.576054   1058601
60.632630   1059137
60.637350   1059673
60.642070   1060209
60.646790   1060745
60.651510   1061281
60.656230   1061817
60.712806   1062353
60.717526   1062889
60.722246   1063425
60.726966   1063961
60.731686   1064497
60.736406   1065033
60.741126   1065569
60.797702   1066105
60.811862   1062889
60.887318   1066105
60.892038   1066641
60.967494   1067177
60.972214   1067713
60.976934   1068249
60.981654   1068785
61.047670   1069321
61.052390   1069857
61.057110   1070393
61.061830   1070929
61.127846   1071465
61.132566   1072001
61.137286   1072537
61.142006   1073073
61.208022   1073609
61.212742   1074145
61.217462   1074681
61.222182   1075217
61.226902   1075753
61.288198   1076289
61.292918   1076825
61.297638   1077361
61.302358   1077897
61.363654   1078433
61.368374   1078969
61.373094   1079505
61.377814   1080041
61.382534   1080577
61.439110   1081113
61.443830   1081649
61.448550   1082185
61.453270   1082721
61.457990   1083257
61.462710   1083793
61.519286   1084329
61.524006   1084865
61.528726   1085401
61.533446   1085937
61.538166   1086473
61.542886   1087009
61.599462   1087545
61.604182   1088081
61.608902   1088617
61.613622   1089153
61.618342   1089689
61.623062   1090225
61.627782   1090761
61.679638   1091297
61.684358   1091833
61.689078   1092369
61.693798   1092905
61.698518   1093441
61.703238   1093977
61.755094   1094513
61.759814   1095049
61.764534   1095585
61.769254   1096121
61.773974   1096657
61.778694   1097193
61.783414   1097729
61.830550   1098265
61.835270   1098801
61.839990   1099337
61.844710   1099873
61.849430   1100409
61.854150   1100945
61.858870   1101481
61.863590   1102017
61.910726   1102553
61.915446   1103089
61.920166   1103625
61.924886   1104161
61.929606   1104697
61.934326   1105233
61.939046   1105769
61.943766   1106305
61.948486   1106841
61.990902   1107377
61.995622   1107913
62.000342   1108449
62.005062   1108985
62.009782   1109521
62.014502   1110057
62.019222   1110593
62.023942   1111129
62.066358   1111665
62.071078   1112201
62.075798   1112737
62.080518   1113273
62.085238   1113809
62.089958   1114345
62.099398   1114881
62.151254   1110593
62.174854   1115417
62.226710   1114345
62.231430   1115953
62.250310   1116489
62.302166   1117025
62.306886   1117561
62.325766   1118097
62.330486   1118633
62.382342   1119169
62.387062   1119705
62.391782   1120241
62.405942   1120777
62.410662   1121313
62.462518   1121849
62.467238   1122385
62.481398   1122921
62.486118   1123457
62.537974   1123993
62.542694   1124529
62.613430   1122385
62.618150   1125065
62.688886   1125601
62.764342   1126137
62.769062   1126673
62.773782   1127209
63.764342   1126137
63.839798   1127209
63.844518   1127745
63.919974   1128281
63.924694   1128817
64.000150   1129353
64.004870   1129889
64.080326   1130425
64.085046   1130961
64.089766   1131497
64.160502   1132033
64.165222   1132569
64.235958   1133105
64.240678   1133641
64.311414   1134177
64.316134   1134713
64.320854   1135249
64.386870   1135785
64.391590   1136321
64.396310   1136857
64.401030   1137393
64.467046   1137929
64.471766   1138465
64.476486   1139001
64.481206   1139537
64.547222   1140073
64.551942   1140609
64.556662   1141145
64.561382   1141681
64.566102   1142217
64.627398   1142753
64.632118   1143289
64.636838   1143825
64.641558   1144361
64.702854   1144897
64.707574   1145433
64.712294   1145969
64.717014   1146505
64.721734   1147041
64.787750   1144361
64.792470   1147577
64.797190   1148113
64.863206   1148649
64.872646   1149185
64.877366   1149721
64.948102   1150257
64.952822   1150793
65.023558   1151329
65.028278   1151865
65.032998   1152401
65.099014   1152937
65.103734   1153473
65.108454   1154009
65.113174   1154545
65.179190   1155081
65.183910   1155617
65.188630   1156153
65.193350   1156689
65.198070   1157225
65.259366   1157761
65.264086   1158297
65.268806   1158833
65.273526   1159369
65.334822   1159905
65.339542   1160441
65.344262   1160977
65.348982   1161513
65.410278   1162049
65.414998   1162585
65.419718   1163121
65.424438   1163657
65.429158   1164193
65.485734   1164729
65.490454   1165265
65.495174   1165801
65.499894   1166337
65.504614   1166873
65.509334   1167409
65.565910   1167945
65.570630   1168481
65.575350   1169017
65.580070   1169553
65.584790   1170089
65.589510   1170625
65.594230   1171161
65.646086   1171697
65.650806   1172233
65.655526   1172769
65.660246   1173305
65.664966   1173841
65.669686   1174377
65.721542   1174913
65.726262   1175449
65.730982   1175985
65.735702   1176521
65.740422   1177057
65.745142   1177593
65.796998   1178129
65.801718   1178665
65.806438   1179201
65.811158   1179737
65.815878   1180273
65.820598   1180809
65.825318   1181345
65.872454   1181881
65.877174   1182417
65.881894   1182953
65.886614   1183489
65.891334   1184025
65.896054   1184561
65.900774   1185097
65.905494   1185633
65.952630   1186169
65.957350   1186705
65.962070   1187241
65.966790   1187777
65.980950   1184025
66.032806   1188313
66.037526   1188849
66.042246   1189385
66.056406   1189921
66.112982   1190457
66.117702   1190993
66.131862   1191529
66.136582   1192065
66.193158   1192601
66.197878   1193137
66.212038   1193673
66.216758   1194209
66.221478   1194745
66.273334   1195281
66.278054   1195817
66.292214   1196353
66.296934   1196889
66.348790   1197425
66.353510   1197961
66.367670   1198497
66.372390   1199033
66.424246   1199569
66.428966   1200105
66.433686   1200641
66.443126   1201177
66.447846   1201713
66.499702   1202249
66.504422   1202785
66.509142   1203321
66.513862   1203857
66.523302   1204393
66.528022   1204929
66.579878   1205465
66.584598   1206001
66.589318   1206537
66.594038   1207073
66.603478   1207609
66.608198   1208145
66.612918   1208681
66.660054   1209217
66.664774   1209753
66.669494   1210289
66.674214   1210825
66.683654   1211361
66.688374   1211897
66.735510   1212433
66.740230   1212969
66.744950   1213505
66.749670   1214041
66.759110   1214577
66.763830   1215113
66.810966   1215649
66.815686   1216185
66.820406   1216721
66.834566   1212969
66.886422   1217257
66.891142   1217793
66.910022   1216721
66.914742   1218329
66.961878   1218865
66.966598   1219401
66.985478   1219937
67.037334   1220473
67.042054   1221009
67.060934   1221545
67.065654   1222081
67.117510   1222617
67.122230   1223153
67.141110   1223689
67.145830   1224225
67.150550   1224761
67.197686   1225297
67.202406   1225833
67.221286   1226369
67.226006   1226905
67.273142   1227441
67.277862   1227977
67.296742   1228513
67.301462   1229049
67.348598   1229585
67.353318   1230121
67.358038   1230657
67.372198   1231193
67.376918   1231729
67.424054   1232265
67.428774   1232801
67.433494   1233337
67.438214   1233873
67.452374   1234409
67.457094   1234945
67.504230   1235481
67.508950   1236017
67.513670   1236553
67.518390   1237089
67.532550   1237625
67.537270   1238161
67.541990   1238697
67.584406   1239233
67.589126   1239769
67.593846   1240305
67.598566   1240841
67.612726   1241377
67.617446   1241913
67.659862   1242449
67.664582   1242985
67.669302   1243521
67.674022   1244057
67.688182   1244593
67.692902   1245129
67.735318   1245665
67.740038   1246201
67.744758   1246737
67.749478   1247273
67.754198   1247809
67.763638   1248345
67.768358   1248881
67.810774   1249417
67.815494   1249953
67.820214   1250489
67.824934   1251025
67.829654   1251561
67.834374   1252097
67.843814   1252633
67.848534   1253169
67.890950   1253705
67.895670   1254241
67.900390   1254777
67.905110   1255313
67.909830   1255849
67.914550   1256385
67.919270   1256921
67.923990   1257457
67.928710   1257993
67.971126   1258529
67.975846   1259065
67.980566   1259601
67.985286   1260137
67.990006   1260673
67.994726   1261209
67.999446   1261745
68.004166   1262281
68.046582   1262817
68.051302   1263353
68.056022   1263889
68.060742   1264425
68.065462   1264961
68.070182   1265497
68.074902   1266033
68.079622   1266569
68.084342   1267105
68.122038   1267641
68.126758   1268177
68.131478   1268713
68.136198   1269249
68.140918   1269785
68.145638   1270321
68.150358   1270857
68.155078   1271393
68.159798   1271929
68.164518   1272465
68.202214   1273001
68.206934   1273537
68.211654   1274073
68.216374   1274609
68.221094   1275145
68.225814   1275681
68.230534   1276217
68.235254   1276753
68.239974   1277289
68.244694   1277825
68.282390   1278361
68.287110   1278897
68.291830   1279433
68.296550   1279969
68.301270   1280505
68.305990   1281041
68.310710   1281577
68.315430   1282113
68.320150   1282649
68.362566   1277289
68.381446   1283185
68.386166   1283721
68.390886   1284257
68.395606   1284793
68.438022   1285329
68.461622   1285865
68.466342   1286401
68.471062   1286937
68.475782   1287473
68.480502   1288009
68.537078   1288545
68.541798   1289081
68.546518   1289617
68.551238   1290153
68.555958   1290689
68.560678   1291225
68.617254   1291761
68.621974   1292297
68.626694   1292833
68.631414   1293369
68.636134   1293905
68.640854   1294441
68.697430   1294977
68.702150   1295513
68.706870   1296049
68.711590   1296585
68.716310   1297121
68.721030   1297657
68.725750   1298193
68.777606   1298729
68.782326   1299265
68.787046   1299801
68.791766   1300337
68.796486   1300873
68.801206   1301409
68.853062   1301945
68.857782   1302481
68.862502   1303017
68.867222   1303553
68.871942   1304089
68.876662   1304625
68.881382   1305161
68.928518   1305697
68.933238   1306233
68.937958   1306769
68.942678   1307305
68.947398   1307841
68.952118   1308377
68.956838   1308913
68.961558   1309449
69.018134   1305697
69.027574   1309985
69.032294   1310521
69.037014   1311057
69.093590   1311593
69.107750   1312129
69.112470   1312665
69.169046   1313201
69.173766   1313737
69.187926   1314273
69.192646   1314809
69.249222   1315345
69.253942   1315881
69.258662   1316417
69.268102   1316953
69.272822   1317489
69.334118   1318025
70.334118   1315881
70.409574   1317489
70.414294   1318025
70.485030   1318561
70.489750   1319097
70.494470   1319633
70.565206   1320169
70.569926   1320705
70.640662   1321241
70.645382   1321777
70.716118   1322313
70.720838   1322849
70.791574   1323385
70.796294   1323921
70.801014   1324457
70.867030   1324993
70.871750   1325529
70.876470   1326065
70.881190   1326601
70.947206   1327137
70.951926   1327673
70.956646   1328209
70.961366   1328745
70.966086   1329281
71.027382   1329817
71.032102   1330353
71.036822   1330889
71.041542   1331425
71.102838   1331961
71.107558   1332497
71.112278   1333033
71.116998   1333569
71.178294   1334105
71.183014   1334641
71.187734   1335177
71.192454   1335713
71.197174   1336249
71.253750   1336785
71.258470   1337321
71.263190   1337857
71.267910   1338393
71.272630   1338929
71.277350   1339465
71.333926   1340001
71.338646   1340537
71.343366   1341073
71.348086   1341609
71.352806   1342145
71.357526   1342681
71.362246   1343217
71.414102   1343753
71.418822   1344289
71.423542   1344825
71.428262   1345361
71.432982   1345897
71.437702   1346433
71.503718   1343217
71.513158   1346969
71.579174   1344825
71.583894   1347505
71.588614   1348041
71.654630   1348577
71.664070   1349113
71.668790   1349649
71.673510   1350185
71.739526   1350721
71.744246   1351257
71.748966   1351793
71.753686   1352329
71.829142   1350721
71.904598   1352865
71.909318   1353401
71.984774   1353937
71.989494   1354473
72.064950   1355009
72.069670   1355545
72.074390   1356081
73.064950   1355009
73.140406   1356617
73.145126   1357153
73.415862   1357689
74.415862   1357153
76.415862   1357153
76.491318   1358225
76.496038   1358761
76.571494   1359297
76.576214   1359833
76.651670   1360369
76.656390   1360905
76.731846   1361441
76.736566   1361977
76.741286   1362513
76.812022   1363049
76.816742   1363585
76.887478   1364121
76.892198   1364657
76.962934   1365193
76.967654   1365729
76.972374   1366265
77.038390   1366801
77.043110   1367337
77.047830   1367873
77.052550   1368409
77.118566   1368945
77.123286   1369481
77.128006   1370017
77.132726   1370553
77.198742   1371089
77.203462   1371625
77.208182   1372161
77.212902   1372697
77.217622   1373233
77.278918   1373769
77.283638   1374305
77.288358   1374841
77.293078   1375377
77.354374   1375913
77.359094   1376449
77.363814   1376985
77.368534   1377521
77.373254   1378057
77.429830   1378593
77.434550   1379129
77.439270   1379665
77.443990   1380201
77.448710   1380737
77.453430   1381273
77.510006   1381809
77.514726   1382345
77.519446   1382881
77.524166   1383417
77.528886   1383953
77.533606   1384489
77.538326   1385025
77.590182   1385561
77.594902   1386097
77.599622   1386633
77.604342   1387169
77.609062   1387705
77.613782   1388241
77.675078   1385025
77.684518   1388777
77.689238   1389313
77.750534   1389849
77.764694   1390385
77.769414   1390921
77.774134   1391457
77.840150   1391993
77.844870   1392529
77.915606   1393065
78.915606   1391457
78.991062   1393601
78.995782   1394137
79.071238   1394673
79.075958   1395209
79.151414   1395745
79.156134   1396281
79.231590   1396817
79.236310   1397353
79.241030   1397889
79.311766   1398425
79.316486   1398961
80.311766   1397889
80.387222   1399497
80.391942   1400033
80.467398   1400569
80.472118   1401105
81.467398   1400569
81.542854   1401641
81.547574   1402177
81.623030   1402713
81.627750   1403249
81.898486   1403785
82.898486   1403249
82.973942   1404321
82.978662   1404857
83.054118   1405393
83.058838   1405929
83.134294   1406465
83.139014   1407001
83.214470   1407537
83.219190   1408073
83.223910   1408609
83.299366   1409145
84.299366   1408073
84.374822   1409681
84.379542   1410217
84.454998   1410753
84.459718   1411289
84.535174   1411825
84.539894   1412361
84.615350   1412897
84.620070   1413433
84.624790   1413969
84.695526   1414505
84.700246   1415041
84.770982   1415577
84.775702   1416113
84.846438   1416649
84.851158   1417185
84.855878   1417721
84.921894   1418257
84.926614   1418793
84.931334   1419329
84.936054   1419865
85.002070   1420401
85.006790   1420937
85.011510   1421473
85.016230   1422009
85.082246   1422545
85.086966   1423081
85.091686   1423617
85.096406   1424153
85.101126   1424689
85.162422   1425225
85.167142   1425761
85.237878   1423617
85.242598   1426297
85.313334   1426833
85.388790   1427369
85.393510   1427905
85.398230   1428441
85.468966   1428977
85.473686   1429513
85.544422   1430049
85.549142   1430585
85.619878   1431121
85.624598   1431657
85.629318   1432193
85.700054   1432729
86.700054   1431121
86.775510   1433265
86.780230   1433801
86.855686   1434337
86.860406   1434873
86.935862   1435409
86.940582   1435945
87.016038   1436481
87.020758   1437017
87.025478   1437553
87.291494   1438089
88.291494   1437017
88.366950   1437553
88.371670   1438089
88.442406   1438625
88.447126   1439161
88.522582   1439697
88.527302   1440233
88.602758   1440769
88.607478   1441305
88.612198   1441841
88.682934   1442377
88.687654   1442913
88.758390   1443449
88.763110   1443985
88.833846   1444521
88.838566   1445057
88.843286   1445593
88.909302   1446129
88.914022   1446665
88.918742   1447201
88.923462   1447737
88.989478   1448273
88.994198   1448809
88.998918   1449345
89.003638   1449881
89.069654   1450417
89.074374   1450953
89.079094   1451489
89.083814   1452025
89.088534   1452561
89.149830   1453097
89.154550   1453633
89.159270   1454169
89.163990   1454705
89.225286   1455241
89.230006   1455777
89.234726   1456313
89.239446   1456849
89.244166   1457385
89.300742   1457921
89.305462   1458457
89.310182   1458993
89.314902   1459529
89.319622   1460065
89.324342   1460601
89.380918   1461137
89.385638   1461673
89.390358   1462209
89.395078   1462745
89.399798   1463281
89.404518   1463817
89.409238   1464353
89.461094   1464889
89.465814   1465425
89.470534   1465961
89.475254   1466497
89.479974   1467033
89.484694   1467569
89.536550   1468105
89.541270   1468641
89.545990   1469177
89.550710   1469713
89.555430   1470249
89.560150   1470785
89.612006   1471321
89.616726   1471857
89.621446   1472393
89.626166   1472929
89.630886   1473465
89.635606   1474001
89.640326   1474537
89.696902   1470785
89.706342   1475073
89.711062   1475609
89.715782   1476145
89.772358   1476681
89.786518   1477217
89.791238   1477753
89.847814   1478289
89.852534   1478825
89.866694   1479361
89.871414   1479897
89.927990   1480433
89.932710   1480969
89.937430   1481505
89.946870   1482041
89.951590   1482577
90.008166   1483113
90.012886   1483649
90.022326   1484185
90.027046   1484721
90.083622   1485257
90.088342   1485793
90.097782   1486329
90.102502   1486865
90.107222   1487401
90.159078   1487937
90.163798   1488473
90.177958   1489009
90.239254   1486329
90.253414   1489545
90.314710   1490081
90.319430   1490617
90.390166   1491153
90.394886   1491689
90.470342   1492225
91.470342   1491153
93.470342   1491153
93.545798   1492761
93.550518   1493297
93.625974   1493833
93.630694   1494369
93.706150   1494905
93.710870   1495441
93.786326   1495977
93.791046   1496513
93.795766   1497049
93.866502   1497585
93.871222   1498121
93.941958   1498657
93.946678   1499193
94.017414   1499729
94.022134   1500265
94.026854   1500801
94.092870   1501337
94.097590   1501873
94.102310   1502409
94.107030   1502945
94.173046   1503481
94.177766   1504017
94.182486   1504553
94.187206   1505089
94.253222   1505625
94.257942   1506161
94.262662   1506697
94.267382   1507233
94.272102   1507769
94.333398   1508305
94.338118   1508841
94.342838   1509377
94.347558   1509913
94.408854   1510449
94.413574   1510985
94.418294   1511521
94.423014   1512057
94.427734   1512593
94.484310   1513129
94.489030   1513665
94.493750   1514201
94.498470   1514737
94.503190   1515273
94.507910   1515809
94.564486   1516345
94.569206   1516881
94.573926   1517417
94.578646   1517953
94.583366   1518489
94.588086   1519025
94.592806   1519561
94.644662   1520097
94.649382   1520633
94.654102   1521169
94.658822   1521705
94.663542   1522241
94.668262   1522777
94.720118   1523313
94.724838   1523849
94.729558   1524385
94.734278   1524921
94.738998   1525457
94.743718   1525993
94.795574   1526529
94.800294   1527065
94.805014   1527601
94.809734   1528137
94.814454   1528673
94.819174   1529209
94.823894   1529745
94.871030   1530281
94.875750   1530817
94.880470   1531353
94.885190   1531889
94.889910   1532425
94.894630   1532961
94.899350   1533497
94.904070   1534033
94.951206   1534569
94.955926   1535105
94.960646   1535641
94.965366   1536177
94.970086   1536713
94.974806   1537249
94.979526   1537785
95.031382   1533497
95.045542   1538321
95.050262   1538857
95.054982   1539393
95.106838   1539929
95.125718   1540465
95.130438   1541001
95.182294   1541537
95.187014   1542073
95.191734   1542609
95.205894   1543145
95.210614   1543681
95.262470   1544217
95.267190   1544753
95.281350   1545289
95.286070   1545825
95.337926   1546361
95.342646   1546897
95.356806   1547433
95.361526   1547969
95.366246   1548505
95.413382   1549041
95.418102   1549577
95.432262   1550113
95.436982   1550649
95.441702   1551185
95.446422   1551721
95.493558   1552257
95.498278   1552793
95.512438   1553329
95.517158   1553865
95.521878   1554401
95.526598   1554937
95.573734   1555473
95.578454   1556009
95.583174   1556545
95.597334   1557081
95.653910   1553865
95.672790   1557617
95.729366   1558153
95.734086   1558689
95.804822   1559225
95.809542   1559761
95.814262   1560297
95.880278   1560833
95.884998   1561369
95.889718   1561905
95.894438   1562441
95.960454   1562977
95.965174   1563513
95.969894   1564049
95.974614   1564585
96.040630   1565121
96.045350   1565657
96.050070   1566193
96.054790   1566729
96.059510   1567265
96.120806   1567801
96.125526   1568337
96.130246   1568873
96.134966   1569409
96.196262   1569945
96.200982   1570481
96.205702   1571017
96.210422   1571553
96.215142   1572089
96.271718   1572625
96.276438   1573161
96.281158   1573697
96.285878   1574233
96.290598   1574769
96.295318   1575305
96.351894   1575841
96.356614   1576377
96.361334   1576913
96.366054   1577449
96.370774   1577985
96.375494   1578521
96.432070   1579057
96.436790   1579593
96.441510   1580129
96.446230   1580665
96.450950   1581201
96.455670   1581737
96.460390   1582273
96.512246   1582809
96.516966   1583345
96.521686   1583881
96.526406   1584417
96.531126   1584953
96.535846   1585489
96.587702   1586025
96.592422   1586561
96.597142   1587097
96.601862   1587633
96.606582   1588169
96.611302   1588705
96.616022   1589241
96.663158   1589777
96.667878   1590313
96.677318   1590849
96.691478   1587097
96.743334   1591385
96.752774   1591921
96.766934   1592457
96.771654   1592993
96.828230   1593529
96.832950   1594065
97.828230   1592457
97.903686   1592993
97.908406   1593529
97.979142   1594601
97.983862   1595137
98.059318   1595673
98.064038   1596209
98.139494   1596745
98.144214   1597281
98.148934   1597817
98.219670   1598353
98.224390   1598889
98.295126   1599425
98.299846   1599961
98.370582   1600497
98.375302   1601033
98.380022   1601569
98.446038   1602105
98.450758   1602641
98.455478   1603177
98.460198   1603713
98.526214   1604249
98.530934   1604785
98.535654   1605321
98.540374   1605857
98.606390   1606393
98.611110   1606929
98.615830   1607465
98.620550   1608001
98.625270   1608537
98.686566   1609073
98.691286   1609609
98.696006   1610145
98.700726   1610681
98.762022   1611217
98.766742   1611753
98.771462   1612289
98.776182   1612825
98.780902   1613361
98.837478   1613897
98.842198   1614433
98.846918   1614969
98.851638   1615505
98.917654   1612825
98.922374   1616041
98.927094   1616577
98.993110   1617113
99.002550   1617649
99.007270   1618185
99.078006   1618721
99.082726   1619257
99.153462   1619793
99.158182   1620329
99.162902   1620865
99.228918   1621401
99.233638   1621937
99.238358   1622473
99.243078   1623009
99.309094   1623545
99.313814   1624081
99.318534   1624617
99.323254   1625153
99.327974   1625689
99.389270   1626225
99.393990   1626761
99.398710   1627297
99.403430   1627833
99.464726   1628369
99.469446   1628905
99.478886   1629441
99.554342   1627297
99.629798   1629977
99.634518   1630513
99.709974   1631049
99.714694   1631585
99.719414   1632121
99.790150   1632657
99.794870   1633193
99.865606   1633729
99.870326   1634265
99.941062   1634801
99.945782   1635337
99.950502   1635873
100.016518   1636409
100.021238   1636945
100.025958   1637481
100.030678   1638017
100.096694   1638553
100.101414   1639089
100.176870   1637481
100.252326   1639625
100.257046   1640161
100.332502   1640697
100.337222   1641233
100.412678   1641769
100.417398   1642305
100.422118   1642841
100.492854   1643377
100.497574   1643913
100.568310   1644449
100.573030   1644985
100.643766   1645521
100.648486   1646057
100.653206   1646593
100.719222   1647129
100.723942   1647665
100.728662   1648201
100.733382   1648737
100.799398   1649273
100.804118   1649809
100.808838   1650345
100.813558   1650881
100.879574   1651417
100.884294   1651953
100.889014   1652489
100.893734   1653025
100.898454   1653561
100.959750   1654097
100.964470   1654633
100.969190   1655169
100.973910   1655705
101.035206   1656241
101.039926   1656777
101.044646   1657313
101.049366   1657849
101.054086   1658385
101.115382   1658921
101.129542   1656241
101.190838   1659457
101.204998   1659993
101.209718   1660529
101.280454   1661065
101.285174   1661601
101.355910   1662137
101.360630   1662673
101.431366   1663209
101.436086   1663745
101.440806   1664281
101.516262   1662673
101.591718   1664817
101.596438   1665353
102.591718   1664817
102.667174   1665889
102.671894   1666425
102.747350   1666961
102.752070   1667497
102.827526   1668033
102.832246   1668569
102.907702   1669105
102.912422   1669641
102.917142   1670177
102.987878   1670713
102.992598   1671249
103.063334   1671785
103.068054   1672321
103.138790   1672857
103.143510   1673393
103.148230   1673929
103.214246   1674465
103.218966   1675001
103.223686   1675537
103.228406   1676073
103.294422   1676609
103.299142   1677145
103.369878   1677681
104.369878   1676073
104.445334   1678217
104.450054   1678753
104.525510   1679289
104.530230   1679825
104.605686   1680361
104.610406   1680897
104.685862   1681433
104.690582   1681969
104.695302   1682505
104.766038   1683041
104.770758   1683577
104.841494   1684113
104.846214   1684649
104.916950   1685185
104.921670   1685721
104.926390   1686257
104.992406   1686793
104.997126   1687329
105.001846   1687865
105.006566   1688401
105.072582   1688937
105.077302   1689473
105.082022   1690009
105.086742   1690545
105.152758   1691081
105.157478   1691617
105.162198   1692153
105.166918   1692689
105.171638   1693225
105.232934   1693761
105.237654   1694297
105.242374   1694833
105.247094   1695369
105.313110   1695905
105.388566   1693761
105.464022   1696441
105.468742   1696977
105.544198   1697513
105.548918   1698049
105.553638   1698585
105.624374   1699121
105.629094   1699657
105.699830   1700193
105.704550   1700729
105.775286   1701265
105.780006   1701801
105.784726   1702337
105.850742   1702873
105.855462   1703409
105.860182   1703945
105.864902   1704481
105.930918   1705017
105.935638   1705553
105.940358   1706089
105.945078   1706625
106.011094   1707161
106.015814   1707697
106.020534   1708233
106.025254   1708769
106.029974   1709305
106.091270   1709841
106.095990   1710377
106.100710   1710913
106.105430   1711449
106.166726   1711985
106.171446   1712521
106.176166   1713057
106.180886   1713593
106.185606   1714129
106.251622   1711449
106.256342   1714665
106.261062   1715201
106.327078   1715737
106.336518   1716273
106.341238   1716809
106.411974   1717345
106.416694   1717881
106.487430   1718417
106.492150   1718953
106.496870   1719489
106.562886   1720025
106.567606   1720561
106.572326   1721097
106.577046   1721633
106.652502   1720025
106.727958   1722169
106.732678   1722705
107.003414   1723241
108.003414   1722705
108.078870   1723777
108.083590   1724313
108.159046   1724849
108.163766   1725385
108.239222   1725921
108.243942   1726457
108.319398   1726993
108.324118   1727529
108.328838   1728065
108.399574   1728601
108.404294   1729137
108.475030   1729673
108.479750   1730209
108.550486   1730745
108.555206   1731281
108.559926   1731817
108.625942   1732353
108.630662   1732889
108.635382   1733425
108.640102   1733961
108.710838   1734497
109.710838   1732889
109.786294   1735033
109.791014   1735569
109.866470   1736105
109.871190   1736641
109.946646   1737177
109.951366   1737713
110.026822   1738249
110.031542   1738785
110.036262   1739321
110.106998   1739857
110.111718   1740393
110.182454   1740929
110.187174   1741465
110.257910   1742001
110.262630   1742537
110.267350   1743073
110.333366   1743609
110.338086   1744145
110.342806   1744681
110.347526   1745217
110.413542   1745753
110.418262   1746289
110.422982   1746825
110.427702   1747361
110.493718   1747897
110.498438   1748433
110.503158   1748969
110.507878   1749505
110.512598   1750041
110.573894   1750577
110.578614   1751113
110.583334   1751649
110.588054   1752185
110.649350   1752721
110.654070   1753257
110.658790   1753793
110.663510   1754329
110.668230   1754865
110.724806   1755401
110.729526   1755937
110.734246   1756473
110.738966   1757009
110.743686   1757545
110.748406   1758081
110.804982   1758617
110.809702   1759153
110.814422   1759689
110.819142   1760225
110.823862   1760761
110.828582   1761297
110.833302   1761833
110.885158   1762369
110.889878   1762905
110.894598   1763441
110.899318   1763977
110.904038   1764513
110.908758   1765049
110.960614   1765585
110.965334   1766121
110.970054   1766657
110.974774   1767193
110.979494   1767729
110.984214   1768265
111.036070   1768801
111.040790   1769337
111.045510   1769873
111.050230   1770409
111.054950   1770945
111.059670   1771481
111.064390   1772017
111.116246   1772553
111.130406   1768801
111.139846   1773089
111.191702   1773625
111.205862   1774161
111.210582   1774697
111.267158   1775233
111.271878   1775769
111.286038   1776305
111.290758   1776841
111.347334   1777377
111.352054   1777913
111.366214   1778449
111.370934   1778985
111.375654   1779521
111.427510   1780057
111.432230   1780593
111.446390   1781129
111.451110   1781665
111.502966   1782201
111.507686   1782737
111.521846   1783273
111.526566   1783809
111.578422   1784345
111.583142   1784881
111.587862   1785417
111.597302   1785953
111.602022   1786489
111.653878   1787025
111.658598   1787561
111.663318   1788097
111.668038   1788633
111.677478   1789169
111.682198   1789705
111.734054   1790241
111.738774   1790777
111.743494   1791313
111.748214   1791849
111.757654   1792385
111.762374   1792921
111.767094   1793457
111.814230   1793993
111.818950   1794529
111.823670   1795065
111.828390   1795601
111.837830   1796137
111.842550   1796673
111.889686   1797209
111.894406   1797745
111.899126   1798281
111.903846   1798817
111.913286   1799353
111.918006   1799889
111.965142   1800425
111.969862   1800961
111.974582   1801497
111.979302   1802033
111.984022   1802569
112.040598   1798817
112.050038   1803105
112.054758   1803641
112.059478   1804177
112.116054   1804713
112.130214   1805249
112.134934   1805785
112.191510   1806321
112.196230   1806857
112.210390   1807393
112.215110   1807929
112.271686   1808465
112.276406   1809001
112.281126   1809537
112.290566   1810073
112.295286   1810609
112.351862   1811145
112.356582   1811681
112.366022   1812217
112.370742   1812753
112.427318   1813289
112.432038   1813825
112.441478   1814361
112.446198   1814897
112.450918   1815433
112.502774   1815969
112.507494   1816505
112.516934   1817041
112.521654   1817577
112.526374   1818113
112.531094   1818649
112.597110   1815969
112.601830   1819185
112.606550   1819721
112.672566   1820257
112.682006   1820793
112.686726   1821329
112.757462   1821865
112.762182   1822401
113.757462   1821329
113.832918   1822937
113.837638   1823473
114.832918   1822937
114.908374   1824009
114.913094   1824545
114.988550   1825081
114.993270   1825617
115.068726   1826153
115.073446   1826689
115.148902   1827225
115.153622   1827761
115.158342   1828297
115.229078   1828833
115.233798   1829369
115.304534   1829905
115.309254   1830441
115.379990   1830977
115.384710   1831513
115.389430   1832049
115.455446   1832585
115.460166   1833121
115.464886   1833657
115.469606   1834193
115.535622   1834729
115.540342   1835265
115.545062   1835801
115.549782   1836337
115.615798   1836873
115.620518   1837409
115.625238   1837945
115.629958   1838481
115.634678   1839017
115.695974   1839553
115.700694   1840089
115.705414   1840625
115.710134   1841161
115.771430   1841697
115.776150   1842233
115.780870   1842769
115.785590   1843305
115.790310   1843841
115.846886   1844377
115.851606   1844913
115.856326   1845449
115.861046   1845985
115.927062   1843305
115.931782   1846521
115.936502   1847057
116.002518   1847593
116.077974   1848129
117.077974   1847057
117.153430   1848665
117.158150   1849201
118.153430   1848665
118.228886   1849737
118.233606   1850273
118.309062   1850809
118.313782   1851345
118.389238   1851881
118.393958   1852417
118.469414   1852953
118.474134   1853489
118.478854   1854025
118.549590   1854561
118.554310   1855097
119.549590   1854025
119.625046   1855633
119.629766   1856169
119.705222   1856705
119.709942   1857241
119.785398   1857777
119.790118   1858313
120.785398   1857777
120.860854   1858849
120.865574   1859385
120.941030   1859921
120.945750   1860457
121.021206   1860993
121.025926   1861529
121.101382   1862065
121.106102   1862601
121.110822   1863137
121.181558   1863673
121.186278   1864209
121.257014   1864745
121.261734   1865281
121.332470   1865817
121.337190   1866353
121.341910   1866889
121.407926   1867425
121.412646   1867961
121.417366   1868497
121.422086   1869033
121.488102   1869569
121.492822   1870105
121.497542   1870641
121.502262   1871177
121.568278   1871713
121.572998   1872249
121.577718   1872785
121.582438   1873321
121.587158   1873857
121.648454   1874393
121.653174   1874929
121.657894   1875465
121.662614   1876001
121.723910   1876537
121.728630   1877073
121.738070   1877609
121.742790   1878145
121.813526   1875465
121.818246   1878681
121.888982   1879217
121.893702   1879753
121.964438   1880289
121.969158   1880825
122.964438   1879753
123.039894   1881361
123.044614   1881897
123.120070   1882433
123.124790   1882969
123.200246   1883505
123.204966   1884041
123.280422   1884577
123.285142   1885113
123.289862   1885649
123.360598   1886185
123.365318   1886721
123.436054   1887257
123.440774   1887793
123.511509   1888329
123.516229   1888865
123.520949   1889401
123.586965   1889937
123.591685   1890473
123.596405   1891009
123.601125   1891545
123.667141   1892081
123.671861   1892617
123.676581   1893153
123.681301   1893689
123.747317   1894225
123.752037   1894761
123.756757   1895297
123.761477   1895833
123.766197   1896369
123.827493   1896905
123.832213   1897441
123.836933   1897977
123.841653   1898513
123.902949   1899049
123.907669   1899585
123.912389   1900121
123.917109   1900657
123.921829   1901193
123.978405   1901729
123.983125   1902265
123.987845   1902801
123.992565   1903337
123.997285   1903873
124.002005   1904409
124.058581   1904945
124.063301   1905481
124.072741   1906017
124.138757   1903337
124.148197   1906553
124.214213   1907089
124.218933   1907625
124.289669   1908161
124.294389   1908697
124.365125   1909233
124.369845   1909769
124.445301   1910305
124.450021   1910841
125.445301   1909233
125.520757   1911377
125.525477   1911913
125.600933   1912449
125.605653   1912985
125.681109   1913521
125.685829   1914057
125.761285   1914593
125.766005   1915129
125.770725   1915665
125.841461   1916201
125.846181   1916737
125.916917   1917273
125.921637   1917809
125.992373   1918345
125.997093   1918881
126.001813   1919417
126.067829   1919953
126.072549   1920489
126.077269   1921025
126.081989   1921561
126.148005   1922097
126.152725   1922633
126.228181   1921025
126.303637   1923169
126.308357   1923705
126.383813   1924241
126.388533   1924777
126.463989   1925313
126.468709   1925849
126.473429   1926385
126.544165   1926921
126.548885   1927457
126.619621   1927993
126.624341   1928529
126.699797   1929065
126.704517   1929601
127.699797   1927993
127.775253   1930137
127.779973   1930673
127.855429   1931209
127.860149   1931745
127.935605   1932281
127.940325   1932817
128.015781   1933353
128.020501   1933889
128.025221   1934425
128.095957   1934961
128.100677   1935497
128.171413   1936033
128.176133   1936569
128.246869   1937105
128.251589   1937641
128.256309   1938177
128.322325   1938713
128.327045   1939249
128.331765   1939785
128.336485   1940321
128.402501   1940857
128.407221   1941393
128.411941   1941929
128.416661   1942465
128.482677   1943001
128.487397   1943537
128.492117   1944073
128.496837   1944609
128.501557   1945145
128.562853   1945681
128.567573   1946217
128.572293   1946753
128.577013   1947289
128.638309   1947825
128.643029   1948361
128.647749   1948897
128.652469   1949433
128.657189   1949969
128.723205   1947289
128.727925   1950505
128.732645   1951041
128.798661   1951577
128.808101   1952113
128.812821   1952649
128.883557   1953185
128.888277   1953721
128.959013   1954257
128.963733   1954793
128.968453   1955329
129.043909   1953721
129.119365   1955865
129.124085   1956401
129.199541   1956937
129.204261   1957473
129.279717   1958009
129.284437   1958545
129.289157   1959081
129.359893   1959617
129.364613   1960153
129.435349   1960689
129.440069   1961225
129.510805   1961761
129.515525   1962297
129.520245   1962833
129.586261   1963369
129.590981   1963905
129.595701   1964441
129.600421   1964977
129.666437   1965513
129.671157   1966049
129.675877   1966585
129.680597   1967121
129.746613   1967657
129.751333   1968193
129.756053   1968729
129.760773   1969265
129.765493   1969801
129.826789   1970337
129.831509   1970873
129.836229   1971409
129.840949   1971945
129.902245   1972481
129.906965   1973017
129.911685   1973553
129.916405   1974089
129.921125   1974625
129.977701   1975161
129.982421   1975697
129.987141   1976233
129.991861   1976769
129.996581   1977305
130.001301   1977841
130.057877   1978377
130.062597   1978913
130.067317   1979449
130.072037   1979985
130.076757   1980521
130.081477   1981057
130.086197   1981593
130.138053   1982129
130.142773   1982665
130.147493   1983201
130.152213   1983737
130.156933   1984273
130.161653   1984809
130.213509   1985345
130.218229   1985881
130.222949   1986417
130.227669   1986953
130.288965   1983737
130.298405   1987489
130.303125   1988025
130.364421   1988561
130.378581   1989097
130.383301   1989633
130.388021   1990169
130.454037   1990705
130.458757   1991241
130.463477   1991777
130.468197   1992313
130.534213   1992849
130.538933   1993385
130.543653   1993921
130.548373   1994457
130.614389   1994993
130.619109   1995529
130.623829   1996065
130.628549   1996601
130.633269   1997137
130.694565   1997673
130.699285   1998209
130.704005   1998745
130.708725   1999281
130.713445   1999817
