0.000000   0
0.063215   1
0.138671   537
0.414127   1073
0.689583   1609
0.965039   2145
1.240495   2681
1.515951   3217
1.791407   3753
2.066863   4289
2.342319   4825
2.617775   5361
2.893231   5897
3.168687   6433
3.444143   6969
3.719599   7505
3.995055   8041
4.270511   8577
4.545967   9113
4.821423   9649
5.096879   10185
5.372335   10721
5.647791   11257
5.923247   11793
6.198703   12329
6.474159   12865
6.749615   13401
7.025071   13937
7.300527   14473
7.575983   15009
7.851439   15545
8.126895   16081
8.402351   16617
8.677807   17153
8.953263   17689
9.228719   18225
9.504175   18761
9.779631   19297
10.055087   19833
10.330543   20369
10.605999   20905
10.881455   21441
11.156911   21977
11.432367   22513
11.707823   23049
11.983279   23585
12.258735   24121
12.534191   24657
12.809647   25193
13.085103   25729
13.360559   26265
13.636015   26801
13.911471   27337
14.186927   27873
14.462383   28409
14.737839   28945
15.013295   29481
15.288751   30017
15.564207   30553
15.839663   31089
16.115119   31625
16.390575   32161
16.666031   32697
16.941487   33233
17.216943   33769
17.492399   34305
17.767855   34841
18.043311   35377
18.318767   35913
18.594223   36449
18.869679   36985
19.145135   37521
19.420591   38057
19.696047   38593
19.971503   39129
20.246959   39665
20.522415   40201
20.797871   40737
21.073327   41273
21.348783   41809
21.624239   42345
21.899695   42881
22.175151   43417
22.450607   43953
22.726063   44489
23.001519   45025
23.276975   45561
23.552431   46097
23.827887   46633
24.103343   47169
24.378799   47705
24.654255   48241
24.929711   48777
25.205167   49313
25.480623   49849
25.756079   50385
26.031535   50921
26.306991   51457
26.582447   51993
26.857903   52529
27.133359   53065
27.408815   53601
27.684271   54137
27.959727   54673
28.235183   55209
28.510639   55745
28.786095   56281
29.061551   56817
29.337007   57353
29.612463   57889
29.887919   58425
30.163375   58961
30.438831   59497
30.714287   60033
30.989743   60569
31.265199   61105
31.540655   61641
31.816111   62177
32.091567   62713
32.367023   63249
32.642479   63785
32.917935   64321
33.193391   64857
33.468847   65393
33.744303   65929
34.019759   66465
34.295215   67001
34.570671   67537
34.846127   68073
35.121583   68609
35.397039   69145
35.672495   69681
35.947951   70217
36.223407   70753
36.498863   71289
36.774319   71825
37.049775   72361
37.325231   72897
37.600687   73433
37.876143   73969
38.151599   74505
38.427055   75041
38.702511   75577
38.977967   76113
39.253423   76649
39.528879   77185
39.804335   77721
40.079791   78257
40.355247   78793
40.630703   79329
40.906159   79865
41.181615   80401
41.457071   80937
41.732527   81473
42.007983   82009
42.283439   82545
42.558895   83081
42.834351   83617
43.109807   84153
43.385263   84689
43.660719   85225
43.936175   85761
44.211631   86297
44.487087   86833
44.762543   87369
45.037999   87905
45.313455   88441
45.588911   88977
45.864367   89513
46.139823   90049
46.415279   90585
46.690735   91121
46.966191   91657
47.241647   92193
47.517103   92729
47.792559   93265
48.068015   93801
48.343471   94337
48.618927   94873
48.894383   95409
49.169839   95945
49.445295   96481
49.720751   97017
49.996207   97553
50.271663   98089
50.547119   98625
50.822575   99161
51.098031   99697
51.373487   100233
51.648943   100769
51.924399   101305
52.199855   101841
52.475311   102377
52.750767   102913
53.026223   103449
53.301679   103985
53.577135   104521
53.852591   105057
54.128047   105593
54.403503   106129
54.678959   106665
54.954415   107201
55.229871   107737
55.505327   108273
55.780783   108809
56.056239   109345
56.331695   109881
56.607151   110417
56.882607   110953
57.158063   111489
57.433519   112025
57.708975   112561
57.984431   113097
58.259887   113633
58.535343   114169
58.810799   114705
59.086255   115241
59.361711   115777
59.637167   116313
59.912623   116849
60.188079   117385
60.463535   117921
60.738991   118457
61.014447   118993
61.289903   119529
61.565359   120065
61.840815   120601
62.116271   121137
62.391727   121673
62.667183   122209
62.942639   122745
63.218095   123281
63.493551   123817
63.769007   124353
64.044463   124889
64.319919   125425
64.595375   125961
64.870831   126497
65.146287   127033
65.421743   127569
65.697199   128105
65.972655   128641
66.248111   129177
66.523567   129713
66.799023   130249
67.074479   130785
67.349935   131321
67.625391   131857
67.900847   132393
68.176303   132929
68.451759   133465
68.727215   134001
69.002671   134537
69.278127   135073
69.553583   135609
69.829039   136145
70.104495   136681
70.379951   137217
70.655407   137753
70.930863   138289
71.206319   138825
71.481775   139361
71.757231   139897
72.032687   140433
72.308143   140969
72.583599   141505
72.859055   142041
73.134511   142577
73.409967   143113
73.685423   143649
73.960879   144185
74.236335   144721
74.511791   145257
74.787247   145793
75.062703   146329
75.338159   146865
75.613615   147401
75.889071   147937
76.164527   148473
76.439983   149009
76.715439   149545
76.990895   150081
77.266351   150617
77.541807   151153
77.817263   151689
78.092719   152225
78.368175   152761
78.643631   153297
78.919087   153833
79.194543   154369
79.469999   154905
79.745455   155441
80.020911   155977
80.296367   156513
80.571823   157049
80.847279   157585
81.122735   158121
81.398191   158657
81.673647   159193
81.949103   159729
82.224559   160265
82.500015   160801
82.775471   161337
83.050927   161873
83.326383   162409
83.601839   162945
83.877295   163481
84.152751   164017
84.428207   164553
84.703663   165089
84.979119   165625
85.254575   166161
85.530031   166697
85.805487   167233
86.080943   167769
86.356399   168305
86.631855   168841
86.907311   169377
87.182767   169913
87.458223   170449
87.733679   170985
88.009135   171521
88.284591   172057
88.560047   172593
88.835503   173129
89.110959   173665
89.386415   174201
89.661871   174737
89.937327   175273
90.212783   175809
90.488239   176345
90.763695   176881
91.039151   177417
91.314607   177953
91.590063   178489
91.865519   179025
92.140975   179561
92.416431   180097
92.691887   180633
92.967343   181169
93.242799   181705
93.518255   182241
93.793711   182777
94.069167   183313
94.344623   183849
94.620079   184385
94.895535   184921
95.170991   185457
95.446447   185993
95.721903   186529
95.997359   187065
96.272815   187601
96.548271   188137
96.823727   188673
97.099183   189209
97.374639   189745
97.650095   190281
97.925551   190817
98.201007   191353
98.476463   191889
98.751919   192425
99.027375   192961
99.302831   193497
99.578287   194033
99.853743   194569
100.129199   195105
100.404655   195641
100.680111   196177
100.955567   196713
101.231023   197249
101.506479   197785
101.781935   198321
102.057391   198857
102.332847   199393
102.608303   199929
102.883759   200465
103.159215   201001
103.434671   201537
103.710127   202073
103.985583   202609
104.261039   203145
104.536495   203681
104.811951   204217
105.087407   204753
105.362863   205289
105.638319   205825
105.913775   206361
106.189231   206897
106.464687   207433
106.740143   207969
107.015599   208505
108.016599   208505
108.292055   209041
108.567511   209577
108.842967   210113
109.118423   210649
109.393879   211185
109.669335   211721
109.944791   212257
110.220247   212793
110.495703   213329
110.771159   213865
111.046615   214401
111.322071   214937
111.597527   215473
111.872983   216009
112.148439   216545
112.423895   217081
112.699351   217617
112.974807   218153
113.250263   218689
114.251263   218689
114.526719   219225
114.802175   219761
115.077631   220297
115.353087   220833
115.628543   221369
115.903999   221905
116.179455   222441
116.454911   222977
116.730367   223513
117.005823   224049
117.281279   224585
117.556735   225121
117.832191   225657
118.107647   226193
118.383103   226729
118.658559   227265
118.934015   227801
119.209471   228337
119.484927   228873
119.760383   229409
120.035839   229945
120.311295   230481
120.586751   231017
120.862207   231553
121.137663   232089
121.413119   232625
121.688575   233161
121.964031   233697
122.239487   234233
122.514943   234769
122.790399   235305
123.065855   235841
123.341311   236377
123.616767   236913
123.892223   237449
124.167679   237985
124.443135   238521
124.718591   239057
124.994047   239593
125.269503   240129
125.544959   240665
125.820415   241201
126.095871   241737
126.371327   242273
126.646783   242809
126.922239   243345
127.197695   243881
127.473151   244417
127.748607   244953
128.024063   245489
128.299519   246025
128.574975   246561
128.850431   247097
129.125887   247633
129.401343   248169
129.676799   248705
129.952255   249241
130.227711   249777
130.503167   250313
130.778623   250849
131.054079   251385
131.329535   251921
131.604991   252457
131.880447   252993
132.155903   253529
132.431359   254065
132.706815   254601
132.982271   255137
133.257727   255673
133.533183   256209
133.808639   256745
134.084095   257281
134.359551   257817
134.635007   258353
134.910463   258889
135.185919   259425
135.461375   259961
135.736831   260497
136.012287   261033
136.287743   261569
136.563199   262105
136.838655   262641
137.114111   263177
137.389567   263713
137.665023   264249
137.940479   264785
138.215935   265321
138.491391   265857
138.766847   266393
139.042303   266929
139.317758   267465
139.593214   268001
139.868670   268537
140.144126   269073
140.419582   269609
140.695038   270145
140.970494   270681
141.245950   271217
141.521406   271753
141.796862   272289
142.072318   272825
142.347774   273361
142.623230   273897
142.898686   274433
143.174142   274969
143.449598   275505
143.725054   276041
144.000510   276577
144.275966   277113
144.551422   277649
144.826878   278185
145.102334   278721
145.377790   279257
145.653246   279793
145.928702   280329
146.204158   280865
146.479614   281401
146.755070   281937
147.030526   282473
147.305982   283009
147.581438   283545
147.856894   284081
148.132350   284617
148.407806   285153
148.683262   285689
148.958718   286225
149.234174   286761
149.509630   287297
149.785086   287833
150.060542   288369
150.335998   288905
150.611454   289441
150.886910   289977
151.162366   290513
151.437822   291049
151.713278   291585
151.988734   292121
152.264190   292657
152.539646   293193
152.815102   293729
153.090558   294265
153.366014   294801
153.641470   295337
153.916926   295873
154.192382   296409
154.467838   296945
154.743294   297481
155.018750   298017
155.294206   298553
155.569662   299089
155.845118   299625
156.120574   300161
156.396030   300697
156.671486   301233
156.946942   301769
157.222398   302305
157.497854   302841
157.773310   303377
158.048766   303913
158.324222   304449
158.599678   304985
158.875134   305521
159.150590   306057
159.426046   306593
159.701502   307129
159.976958   307665
160.252414   308201
160.527870   308737
160.803326   309273
161.078782   309809
161.354238   310345
161.629694   310881
161.905150   311417
162.180606   311953
162.456062   312489
162.731518   313025
163.006974   313561
163.282430   314097
163.557886   314633
163.833342   315169
164.108798   315705
164.384254   316241
164.659710   316777
164.935166   317313
165.210622   317849
165.486078   318385
165.761534   318921
166.036990   319457
166.312446   319993
166.587902   320529
166.863358   321065
167.138814   321601
167.414270   322137
167.689726   322673
167.965182   323209
168.240638   323745
168.516094   324281
168.791550   324817
169.067006   325353
169.342462   325889
169.617918   326425
169.893374   326961
170.168830   327497
170.444286   328033
170.719742   328569
170.995198   329105
171.270654   329641
171.546110   330177
171.821566   330713
172.097022   331249
172.372478   331785
172.647934   332321
172.923390   332857
173.198846   333393
173.474302   333929
173.749758   334465
174.025214   335001
174.300670   335537
174.576126   336073
174.851582   336609
175.127038   337145
175.402494   337681
175.677950   338217
175.953406   338753
176.228862   339289
176.504318   339825
176.779774   340361
177.055230   340897
177.330686   341433
177.606142   341969
177.881598   342505
178.157054   343041
178.432510   343577
178.707966   344113
178.983422   344649
179.258878   345185
179.534334   345721
179.809790   346257
180.085246   346793
180.360702   347329
180.636158   347865
180.911614   348401
181.187070   348937
181.462526   349473
181.737982   350009
182.013438   350545
182.288894   351081
182.564350   351617
182.839806   352153
183.115262   352689
183.390718   353225
183.666174   353761
183.941630   354297
184.217086   354833
184.492542   355369
184.767998   355905
185.043454   356441
185.318910   356977
185.594366   357513
185.869822   358049
186.145278   358585
186.420734   359121
186.696190   359657
186.971646   360193
187.247102   360729
187.522558   361265
187.798014   361801
188.073470   362337
188.348926   362873
188.624382   363409
188.899838   363945
189.175294   364481
189.450750   365017
189.726206   365553
190.001662   366089
190.277118   366625
190.552574   367161
190.828030   367697
191.103486   368233
191.378942   368769
191.654398   369305
191.929854   369841
192.205310   370377
192.480766   370913
192.756222   371449
193.031678   371985
193.307134   372521
193.582590   373057
193.858046   373593
194.133502   374129
194.408958   374665
194.684414   375201
194.959870   375737
195.235326   376273
195.510782   376809
195.786238   377345
196.061694   377881
196.337150   378417
196.612606   378953
197.613606   378953
197.889062   379489
198.164518   380025
198.439974   380561
198.715430   381097
198.990886   381633
199.266342   382169
199.541798   382705
199.817254   383241
200.092710   383777
200.368166   384313
200.643622   384849
200.919078   385385
201.194534   385921
201.469990   386457
201.745446   386993
202.020902   387529
202.296358   388065
202.571814   388601
202.847270   389137
203.122726   389673
203.398182   390209
203.673638   390745
203.949094   391281
204.224550   391817
204.500006   392353
204.775462   392889
205.050918   393425
205.326374   393961
205.601830   394497
205.877286   395033
206.152742   395569
206.428198   396105
206.703654   396641
206.979110   397177
207.254566   397713
207.530022   398249
207.805478   398785
208.080934   399321
208.356390   399857
208.631846   400393
208.907302   400929
209.182758   401465
209.458214   402001
209.733670   402537
210.009126   403073
210.284582   403609
210.560038   404145
210.835494   404681
211.110950   405217
211.386406   405753
211.661862   406289
211.937318   406825
212.212774   407361
212.488230   407897
212.763686   408433
213.039142   408969
213.314598   409505
213.590054   410041
213.865510   410577
214.140966   411113
214.416422   411649
214.691878   412185
214.967334   412721
215.242790   413257
215.518246   413793
215.793702   414329
216.069158   414865
216.344614   415401
216.620070   415937
216.895526   416473
217.170982   417009
217.446438   417545
217.721894   418081
217.997350   418617
218.272806   419153
218.548262   419689
218.823718   420225
219.099174   420761
219.374630   421297
219.650086   421833
219.925542   422369
220.200998   422905
220.476454   423441
220.751910   423977
221.027366   424513
221.302822   425049
221.578278   425585
221.853734   426121
222.129190   426657
222.404646   427193
222.680102   427729
222.955558   428265
223.231014   428801
223.506470   429337
223.781926   429873
224.057382   430409
224.332838   430945
224.608294   431481
224.883750   432017
225.159206   432553
225.434662   433089
225.710118   433625
225.985574   434161
226.261030   434697
226.536486   435233
226.811942   435769
227.087398   436305
227.362854   436841
227.638310   437377
227.913766   437913
228.189222   438449
228.464678   438985
228.740134   439521
229.015590   440057
229.291046   440593
229.566502   441129
229.841958   441665
230.117414   442201
230.392870   442737
230.668326   443273
230.943782   443809
231.219238   444345
231.494694   444881
231.770150   445417
232.045606   445953
232.321062   446489
232.596518   447025
232.871974   447561
233.147430   448097
233.422886   448633
233.698342   449169
233.973798   449705
234.249254   450241
234.524710   450777
234.800166   451313
235.075622   451849
235.351078   452385
235.626534   452921
235.901990   453457
236.177446   453993
236.452902   454529
236.728358   455065
237.003814   455601
237.279270   456137
237.554726   456673
237.830182   457209
238.105638   457745
238.381094   458281
238.656550   458817
238.932006   459353
239.207462   459889
239.482918   460425
239.758374   460961
240.033830   461497
240.309286   462033
240.584742   462569
240.860198   463105
241.135654   463641
241.411110   464177
241.686566   464713
241.962022   465249
242.237478   465785
242.512934   466321
242.788390   466857
243.063846   467393
243.339302   467929
243.614758   468465
243.890214   469001
244.165670   469537
244.441126   470073
244.716582   470609
244.992038   471145
245.267494   471681
245.542950   472217
245.818406   472753
246.093862   473289
246.369318   473825
246.644774   474361
246.920230   474897
247.195686   475433
247.471142   475969
247.746598   476505
248.022054   477041
248.297510   477577
248.572966   478113
248.848422   478649
249.123878   479185
249.399334   479721
249.674790   480257
249.950246   480793
250.225702   481329
250.501158   481865
250.776614   482401
251.052070   482937
251.327526   483473
251.602982   484009
251.878438   484545
252.153894   485081
252.429350   485617
252.704806   486153
252.980262   486689
253.255718   487225
253.531174   487761
253.806630   488297
254.082086   488833
254.357542   489369
254.632998   489905
254.908454   490441
255.183910   490977
255.459366   491513
255.734822   492049
256.010278   492585
256.285734   493121
256.561190   493657
256.836646   494193
257.112102   494729
257.387558   495265
257.663014   495801
257.938470   496337
258.213926   496873
258.489382   497409
258.764838   497945
259.040294   498481
259.315750   499017
259.591206   499553
259.866662   500089
260.142118   500625
260.417574   501161
260.693030   501697
260.968486   502233
261.243942   502769
261.519398   503305
261.794854   503841
262.070310   504377
262.345766   504913
262.621222   505449
262.896678   505985
263.172134   506521
263.447590   507057
263.723046   507593
263.998502   508129
264.273958   508665
264.549414   509201
264.824870   509737
265.100326   510273
265.375782   510809
265.651238   511345
265.926694   511881
266.202150   512417
266.477606   512953
266.753062   513489
267.028518   514025
267.303974   514561
267.579430   515097
267.854886   515633
268.130342   516169
268.405798   516705
268.681254   517241
268.956710   517777
269.232166   518313
269.507622   518849
269.783078   519385
270.058534   519921
270.333990   520457
270.609446   520993
270.884902   521529
271.160358   522065
271.435814   522601
271.711270   523137
271.986726   523673
272.262182   524209
272.537638   524745
272.813094   525281
273.088550   525817
273.364006   526353
273.639462   526889
273.914918   527425
274.190374   527961
274.465830   528497
274.741286   529033
275.016742   529569
275.292198   530105
275.567654   530641
275.843110   531177
276.118566   531713
276.394022   532249
276.669478   532785
276.944934   533321
277.220390   533857
277.495846   534393
277.771302   534929
278.046757   535465
278.322213   536001
278.597669   536537
278.873125   537073
279.148581   537609
279.424037   538145
279.699493   538681
279.974949   539217
280.250405   539753
280.525861   540289
280.801317   540825
281.076773   541361
281.352229   541897
281.627685   542433
281.903141   542969
282.178597   543505
282.454053   544041
282.729509   544577
283.004965   545113
284.005965   545113
284.281421   545649
284.556877   546185
284.832333   546721
285.107789   547257
285.383245   547793
285.658701   548329
285.934157   548865
286.209613   549401
286.485069   549937
286.760525   550473
287.035981   551009
287.311437   551545
287.586893   552081
287.862349   552617
288.137805   553153
288.413261   553689
288.688717   554225
288.964173   554761
289.239629   555297
289.515085   555833
289.790541   556369
290.065997   556905
290.341453   557441
290.616909   557977
290.892365   558513
291.167821   559049
291.443277   559585
291.718733   560121
291.994189   560657
292.269645   561193
292.545101   561729
292.820557   562265
293.096013   562801
293.371469   563337
293.646925   563873
293.922381   564409
294.197837   564945
294.473293   565481
294.748749   566017
295.024205   566553
295.299661   567089
295.575117   567625
295.850573   568161
296.126029   568697
296.401485   569233
296.676941   569769
296.952397   570305
297.227853   570841
297.503309   571377
297.778765   571913
298.054221   572449
298.329677   572985
298.605133   573521
298.880589   574057
299.156045   574593
299.431501   575129
299.706957   575665
299.982413   576201
300.257869   576737
300.533325   577273
300.808781   577809
301.084237   578345
301.359693   578881
301.635149   579417
301.910605   579953
302.186061   580489
302.461517   581025
302.736973   581561
303.012429   582097
303.287885   582633
303.563341   583169
303.838797   583705
304.114253   584241
304.389709   584777
304.665165   585313
304.940621   585849
305.216077   586385
305.491533   586921
305.766989   587457
306.042445   587993
306.317901   588529
306.593357   589065
306.868813   589601
307.144269   590137
307.419725   590673
307.695181   591209
307.970637   591745
308.246093   592281
308.521549   592817
308.797005   593353
309.072461   593889
309.347917   594425
309.623373   594961
309.898829   595497
310.174285   596033
310.449741   596569
310.725197   597105
311.000653   597641
311.276109   598177
311.551565   598713
311.827021   599249
312.102477   599785
312.377933   600321
312.653389   600857
312.928845   601393
313.204301   601929
313.479757   602465
313.755213   603001
314.030669   603537
314.306125   604073
314.581581   604609
314.857037   605145
315.132493   605681
315.407949   606217
315.683405   606753
315.958861   607289
316.234317   607825
316.509773   608361
316.785229   608897
317.060685   609433
317.336141   609969
317.611597   610505
317.887053   611041
318.162509   611577
318.437965   612113
318.713421   612649
318.988877   613185
319.264333   613721
319.539789   614257
319.815245   614793
320.090701   615329
320.366157   615865
320.641613   616401
320.917069   616937
321.192525   617473
321.467981   618009
321.743437   618545
322.018893   619081
322.294349   619617
322.569805   620153
322.845261   620689
323.120717   621225
323.396173   621761
323.671629   622297
323.947085   622833
324.222541   623369
324.497997   623905
324.773453   624441
325.048909   624977
325.324365   625513
325.599821   626049
325.875277   626585
326.150733   627121
326.426189   627657
326.701645   628193
326.977101   628729
327.252557   629265
327.528013   629801
327.803469   630337
328.078925   630873
328.354381   631409
328.629837   631945
328.905293   632481
329.180749   633017
329.456205   633553
329.731661   634089
330.007117   634625
330.282573   635161
330.558029   635697
330.833485   636233
331.108941   636769
331.384397   637305
331.659853   637841
331.935309   638377
332.210765   638913
332.486221   639449
332.761677   639985
333.037133   640521
333.312589   641057
333.588045   641593
333.863501   642129
334.138957   642665
334.414413   643201
334.689869   643737
334.965325   644273
335.240781   644809
335.516237   645345
335.791693   645881
336.067149   646417
336.342605   646953
336.618061   647489
336.893517   648025
337.168973   648561
337.444429   649097
337.719885   649633
337.995341   650169
338.270797   650705
338.546253   651241
338.821709   651777
339.097165   652313
339.372621   652849
339.648077   653385
339.923533   653921
340.198989   654457
340.474445   654993
340.749901   655529
341.025357   656065
341.300813   656601
341.576269   657137
341.851725   657673
342.127181   658209
342.402637   658745
342.678093   659281
342.953549   659817
343.229005   660353
343.504461   660889
343.779917   661425
344.055373   661961
344.330829   662497
344.606285   663033
344.881741   663569
345.157197   664105
345.432653   664641
345.708109   665177
345.983565   665713
346.259021   666249
346.534477   666785
346.809933   667321
347.085389   667857
347.360845   668393
347.636301   668929
347.911757   669465
348.187213   670001
348.462669   670537
348.738125   671073
349.013581   671609
349.289037   672145
349.564493   672681
349.839949   673217
350.115405   673753
350.390861   674289
350.666317   674825
350.941773   675361
351.217229   675897
351.492685   676433
351.768141   676969
352.043597   677505
352.319053   678041
352.594509   678577
352.869965   679113
353.145421   679649
353.420877   680185
353.696333   680721
353.971789   681257
354.247245   681793
354.522701   682329
354.798157   682865
355.073613   683401
355.349069   683937
355.624525   684473
355.899981   685009
356.175437   685545
356.450893   686081
356.726349   686617
357.001805   687153
357.277261   687689
357.552717   688225
357.828173   688761
358.103629   689297
358.379085   689833
358.654541   690369
358.929997   690905
359.205453   691441
359.480909   691977
359.756365   692513
360.031821   693049
360.307277   693585
360.582733   694121
360.858189   694657
361.133645   695193
361.409101   695729
361.684557   696265
361.960013   696801
362.235469   697337
362.510925   697873
362.786381   698409
363.061837   698945
363.337293   699481
363.612749   700017
363.888205   700553
364.163661   701089
364.439117   701625
364.714573   702161
364.990029   702697
365.265485   703233
365.540941   703769
365.816397   704305
366.091853   704841
366.367309   705377
366.642765   705913
366.918221   706449
367.193677   706985
367.469133   707521
367.744589   708057
368.020045   708593
368.295501   709129
368.570957   709665
368.846413   710201
369.121869   710737
369.397325   711273
369.672781   711809
369.948237   712345
370.223693   712881
370.499149   713417
370.774605   713953
371.050061   714489
371.325517   715025
372.326517   715025
372.601973   715561
372.877429   716097
373.152885   716633
373.428341   717169
373.703797   717705
373.979253   718241
374.254709   718777
374.530165   719313
374.805621   719849
375.081077   720385
375.356533   720921
375.631989   721457
375.907445   721993
376.182901   722529
376.458357   723065
376.733813   723601
377.009269   724137
377.284725   724673
377.560181   725209
377.835637   725745
378.111093   726281
378.386549   726817
378.662005   727353
378.937461   727889
379.212917   728425
379.488373   728961
379.763829   729497
380.039285   730033
380.314741   730569
380.590197   731105
380.865653   731641
381.141109   732177
381.416565   732713
381.692021   733249
381.967477   733785
382.242933   734321
382.518389   734857
382.793845   735393
383.069301   735929
383.344757   736465
383.620213   737001
383.895669   737537
384.171125   738073
384.446581   738609
384.722037   739145
384.997493   739681
385.272949   740217
385.548405   740753
385.823861   741289
386.099317   741825
386.374773   742361
386.650229   742897
386.925685   743433
387.201141   743969
387.476597   744505
387.752053   745041
388.027509   745577
388.302965   746113
388.578421   746649
388.853877   747185
389.129333   747721
389.404789   748257
389.680245   748793
389.955701   749329
390.231157   749865
390.506613   750401
390.782069   750937
391.057525   751473
391.332981   752009
391.608437   752545
391.883893   753081
392.159349   753617
392.434805   754153
392.710261   754689
392.985717   755225
393.261173   755761
393.536629   756297
393.812085   756833
394.087541   757369
394.362997   757905
394.638453   758441
394.913909   758977
395.189365   759513
395.464821   760049
395.740277   760585
396.015733   761121
396.291189   761657
396.566645   762193
396.842101   762729
397.117557   763265
397.393013   763801
397.668469   764337
397.943925   764873
398.219381   765409
398.494837   765945
398.770293   766481
399.045749   767017
399.321205   767553
399.596661   768089
399.872117   768625
400.147573   769161
400.423029   769697
400.698485   770233
400.973941   770769
401.249397   771305
401.524853   771841
401.800309   772377
402.075765   772913
402.351221   773449
402.626677   773985
402.902133   774521
403.177589   775057
403.453045   775593
403.728501   776129
404.003957   776665
404.279413   777201
404.554869   777737
404.830325   778273
405.105781   778809
405.381237   779345
405.656693   779881
405.932149   780417
406.207605   780953
406.483061   781489
406.758517   782025
407.033973   782561
407.309429   783097
407.584885   783633
407.860341   784169
408.135797   784705
408.411253   785241
408.686709   785777
408.962165   786313
409.237621   786849
409.513077   787385
409.788533   787921
410.063989   788457
410.339445   788993
410.614901   789529
410.890357   790065
411.165813   790601
411.441269   791137
411.716725   791673
411.992181   792209
412.267637   792745
412.543093   793281
412.818549   793817
413.094005   794353
413.369461   794889
413.644917   795425
413.920373   795961
414.195829   796497
414.471285   797033
414.746741   797569
415.022197   798105
415.297653   798641
415.573109   799177
415.848565   799713
416.124021   800249
416.399477   800785
416.674933   801321
416.950389   801857
417.225845   802393
417.501300   802929
417.776756   803465
418.052212   804001
418.327668   804537
418.603124   805073
418.878580   805609
419.154036   806145
419.429492   806681
419.704948   807217
419.980404   807753
420.255860   808289
420.531316   808825
420.806772   809361
421.082228   809897
421.357684   810433
421.633140   810969
421.908596   811505
422.184052   812041
422.459508   812577
422.734964   813113
423.010420   813649
423.285876   814185
423.561332   814721
423.836788   815257
424.112244   815793
424.387700   816329
424.663156   816865
424.938612   817401
425.214068   817937
425.489524   818473
425.764980   819009
426.040436   819545
426.315892   820081
426.591348   820617
426.866804   821153
427.142260   821689
427.417716   822225
427.693172   822761
427.968628   823297
428.244084   823833
428.519540   824369
428.794996   824905
429.070452   825441
429.345908   825977
429.621364   826513
429.896820   827049
430.172276   827585
430.447732   828121
430.723188   828657
430.998644   829193
431.274100   829729
431.549556   830265
431.825012   830801
432.100468   831337
432.375924   831873
432.651380   832409
432.926836   832945
433.202292   833481
433.477748   834017
433.753204   834553
434.028660   835089
434.304116   835625
434.579572   836161
434.855028   836697
435.130484   837233
435.405940   837769
435.681396   838305
435.956852   838841
436.232308   839377
436.507764   839913
436.783220   840449
437.058676   840985
437.334132   841521
437.609588   842057
437.885044   842593
438.160500   843129
438.435956   843665
438.711412   844201
438.986868   844737
439.262324   845273
439.537780   845809
439.813236   846345
440.088692   846881
440.364148   847417
440.639604   847953
440.915060   848489
441.190516   849025
441.465972   849561
441.741428   850097
442.016884   850633
442.292340   851169
442.567796   851705
442.843252   852241
443.118708   852777
443.394164   853313
443.669620   853849
443.945076   854385
444.220532   854921
444.495988   855457
444.771444   855993
445.046900   856529
445.322356   857065
445.597812   857601
445.873268   858137
446.148724   858673
446.424180   859209
446.699636   859745
446.975092   860281
447.250548   860817
447.526004   861353
447.801460   861889
448.076916   862425
448.352372   862961
448.627828   863497
448.903284   864033
449.178740   864569
449.454196   865105
449.729652   865641
450.005108   866177
450.280564   866713
450.556020   867249
450.831476   867785
451.106932   868321
451.382388   868857
451.657844   869393
451.933300   869929
452.208756   870465
452.484212   871001
452.759668   871537
453.035124   872073
453.310580   872609
453.586036   873145
453.861492   873681
454.136948   874217
454.412404   874753
454.687860   875289
454.963316   875825
455.238772   876361
455.514228   876897
455.789684   877433
456.065140   877969
456.340596   878505
456.616052   879041
456.891508   879577
457.166964   880113
457.442420   880649
457.717876   881185
457.993332   881721
458.268788   882257
458.544244   882793
458.819700   883329
459.095156   883865
459.370612   884401
459.646068   884937
459.921524   885473
460.196980   886009
460.472436   886545
460.747892   887081
461.023348   887617
461.298804   888153
461.574260   888689
461.849716   889225
462.125172   889761
462.400628   890297
462.676084   890833
462.951540   891369
463.226996   891905
463.502452   892441
463.777908   892977
464.053364   893513
464.328820   894049
464.604276   894585
464.879732   895121
465.155188   895657
465.430644   896193
465.706100   896729
465.981556   897265
466.257012   897801
466.532468   898337
466.807924   898873
467.083380   899409
467.358836   899945
467.634292   900481
468.635292   900481
468.910748   901017
469.186204   901553
469.461660   902089
469.737116   902625
470.012572   903161
470.288028   903697
470.563484   904233
470.838940   904769
471.114396   905305
471.389852   905841
471.665308   906377
471.940764   906913
472.216220   907449
472.491676   907985
472.767132   908521
473.042588   909057
473.318044   909593
473.593500   910129
473.868956   910665
474.144412   911201
474.419868   911737
474.695324   912273
474.970780   912809
475.246236   913345
475.521692   913881
475.797148   914417
476.072604   914953
476.348060   915489
476.623516   916025
476.898972   916561
477.174428   917097
477.449884   917633
477.725340   918169
478.000796   918705
478.276252   919241
478.551708   919777
478.827164   920313
479.102620   920849
479.378076   921385
479.653532   921921
479.928988   922457
480.204444   922993
480.479900   923529
480.755356   924065
481.030812   924601
481.306268   925137
481.581724   925673
481.857180   926209
482.132636   926745
482.408092   927281
482.683548   927817
482.959004   928353
483.234460   928889
483.509916   929425
483.785372   929961
484.060828   930497
484.336284   931033
484.611740   931569
484.887196   932105
485.162652   932641
485.438108   933177
485.713564   933713
485.989020   934249
486.264476   934785
486.539932   935321
486.815388   935857
487.090844   936393
487.366300   936929
487.641756   937465
487.917212   938001
488.192668   938537
488.468124   939073
488.743580   939609
489.019036   940145
489.294492   940681
489.569948   941217
489.845404   941753
490.120860   942289
490.396316   942825
490.671772   943361
490.947228   943897
491.222684   944433
491.498140   944969
491.773596   945505
492.049052   946041
492.324508   946577
492.599964   947113
492.875420   947649
493.150876   948185
493.426332   948721
493.701788   949257
493.977244   949793
494.252700   950329
494.528156   950865
494.803612   951401
495.079068   951937
495.354524   952473
495.629980   953009
495.905436   953545
496.180892   954081
496.456348   954617
496.731804   955153
497.007260   955689
497.282716   956225
497.558172   956761
497.833628   957297
498.109084   957833
498.384540   958369
498.659996   958905
498.935452   959441
499.210908   959977
499.486364   960513
499.761820   961049
500.037276   961585
500.312732   962121
500.588188   962657
500.863644   963193
501.139100   963729
501.414556   964265
501.690012   964801
501.965468   965337
502.240924   965873
502.516380   966409
502.791836   966945
503.067292   967481
503.342748   968017
503.618204   968553
503.893660   969089
504.169116   969625
504.444572   970161
504.720028   970697
504.995484   971233
505.270940   971769
505.546396   972305
505.821852   972841
506.097308   973377
506.372764   973913
506.648220   974449
506.923676   974985
507.199132   975521
507.474588   976057
507.750044   976593
508.025500   977129
508.300956   977665
508.576412   978201
508.851868   978737
509.127324   979273
509.402780   979809
509.678236   980345
509.953692   980881
510.229148   981417
510.504604   981953
510.780060   982489
511.055516   983025
511.330972   983561
511.606428   984097
511.881884   984633
512.157340   985169
512.432796   985705
512.708252   986241
512.983708   986777
513.259164   987313
513.534620   987849
513.810076   988385
514.085532   988921
514.360988   989457
514.636444   989993
514.911900   990529
515.187356   991065
515.462812   991601
515.738268   992137
516.013724   992673
516.289180   993209
516.564636   993745
516.840092   994281
517.115548   994817
517.391004   995353
517.666460   995889
517.941916   996425
518.217372   996961
518.492828   997497
518.768284   998033
519.043740   998569
519.319196   999105
519.594652   999641
519.870108   1000177
520.145564   1000713
520.421020   1001249
520.696476   1001785
520.971932   1002321
521.247388   1002857
521.522844   1003393
521.798300   1003929
522.073756   1004465
522.349212   1005001
522.624668   1005537
522.900124   1006073
523.175580   1006609
523.451036   1007145
523.726492   1007681
524.001948   1008217
524.277404   1008753
524.552860   1009289
524.828316   1009825
525.103772   1010361
525.379228   1010897
525.654684   1011433
525.930140   1011969
526.205596   1012505
526.481052   1013041
526.756508   1013577
527.031964   1014113
527.307420   1014649
527.582876   1015185
527.858332   1015721
528.133788   1016257
528.409244   1016793
528.684700   1017329
528.960156   1017865
529.961156   1017865
530.236612   1018401
531.237612   1018401
531.513068   1018937
531.788524   1019473
532.063980   1020009
532.339436   1020545
532.614892   1021081
532.890348   1021617
533.165804   1022153
533.441260   1022689
533.716716   1023225
533.992172   1023761
534.267628   1024297
534.543084   1024833
534.818540   1025369
535.093996   1025905
535.369452   1026441
535.644908   1026977
535.920364   1027513
536.195820   1028049
536.471276   1028585
536.746732   1029121
537.022188   1029657
537.297644   1030193
537.573100   1030729
537.848556   1031265
538.124012   1031801
538.399468   1032337
538.674924   1032873
538.950380   1033409
539.225836   1033945
539.501292   1034481
539.776748   1035017
540.052204   1035553
540.327660   1036089
540.603116   1036625
540.878572   1037161
541.154028   1037697
541.429484   1038233
541.704940   1038769
541.980396   1039305
542.255852   1039841
542.531308   1040377
542.806764   1040913
543.082220   1041449
543.357676   1041985
543.633132   1042521
543.908588   1043057
544.184044   1043593
544.459500   1044129
544.734956   1044665
545.010412   1045201
545.285868   1045737
545.561324   1046273
545.836780   1046809
546.112236   1047345
546.387692   1047881
546.663148   1048417
546.938604   1048953
547.214060   1049489
547.489516   1050025
547.764972   1050561
548.040428   1051097
548.315884   1051633
548.591340   1052169
548.866796   1052705
549.142252   1053241
549.417708   1053777
549.693164   1054313
549.968620   1054849
550.244076   1055385
550.519532   1055921
550.794988   1056457
551.070444   1056993
551.345900   1057529
551.621356   1058065
551.896812   1058601
552.172268   1059137
552.447724   1059673
552.723180   1060209
552.998636   1060745
553.274092   1061281
553.549548   1061817
553.825004   1062353
554.100460   1062889
554.375916   1063425
554.651372   1063961
554.926828   1064497
555.202284   1065033
555.477740   1065569
555.753196   1066105
556.028652   1066641
556.304108   1067177
556.579564   1067713
556.855020   1068249
557.130476   1068785
557.405932   1069321
557.681387   1069857
557.956843   1070393
558.232299   1070929
558.507755   1071465
558.783211   1072001
559.058667   1072537
559.334123   1073073
559.609579   1073609
559.885035   1074145
560.160491   1074681
560.435947   1075217
560.711403   1075753
560.986859   1076289
561.262315   1076825
561.537771   1077361
561.813227   1077897
562.088683   1078433
562.364139   1078969
562.639595   1079505
562.915051   1080041
563.190507   1080577
563.465963   1081113
563.741419   1081649
564.016875   1082185
564.292331   1082721
564.567787   1083257
564.843243   1083793
565.118699   1084329
565.394155   1084865
565.669611   1085401
565.945067   1085937
566.220523   1086473
566.495979   1087009
566.771435   1087545
567.046891   1088081
567.322347   1088617
567.597803   1089153
567.873259   1089689
568.148715   1090225
568.424171   1090761
568.699627   1091297
568.975083   1091833
569.250539   1092369
569.525995   1092905
569.801451   1093441
570.076907   1093977
570.352363   1094513
570.627819   1095049
570.903275   1095585
571.178731   1096121
571.454187   1096657
571.729643   1097193
572.005099   1097729
572.280555   1098265
572.556011   1098801
572.831467   1099337
573.106923   1099873
573.382379   1100409
573.657835   1100945
573.933291   1101481
574.208747   1102017
574.484203   1102553
574.759659   1103089
575.035115   1103625
575.310571   1104161
575.586027   1104697
575.861483   1105233
576.136939   1105769
576.412395   1106305
576.687851   1106841
576.963307   1107377
577.238763   1107913
577.514219   1108449
577.789675   1108985
578.065131   1109521
578.340587   1110057
578.616043   1110593
578.891499   1111129
579.166955   1111665
579.442411   1112201
579.717867   1112737
579.993323   1113273
580.268779   1113809
580.544235   1114345
580.819691   1114881
581.095147   1115417
581.370603   1115953
581.646059   1116489
581.921515   1117025
582.196971   1117561
582.472427   1118097
582.747883   1118633
583.023339   1119169
583.298795   1119705
583.574251   1120241
583.849707   1120777
584.125163   1121313
584.400619   1121849
584.676075   1122385
584.951531   1122921
585.226987   1123457
585.502443   1123993
585.777899   1124529
586.053355   1125065
586.328811   1125601
586.604267   1126137
586.879723   1126673
587.155179   1127209
587.430635   1127745
587.706091   1128281
587.981547   1128817
588.257003   1129353
588.532459   1129889
588.807915   1130425
589.083371   1130961
589.358827   1131497
589.634283   1132033
589.909739   1132569
590.185195   1133105
590.460651   1133641
590.736107   1134177
591.011563   1134713
591.287019   1135249
591.562475   1135785
591.837931   1136321
592.113387   1136857
592.388843   1137393
592.664299   1137929
592.939755   1138465
593.215211   1139001
593.490667   1139537
593.766123   1140073
594.041579   1140609
594.317035   1141145
594.592491   1141681
594.867947   1142217
595.143403   1142753
595.418859   1143289
595.694315   1143825
595.969771   1144361
596.245227   1144897
596.520683   1145433
596.796139   1145969
597.071595   1146505
597.347051   1147041
597.622507   1147577
597.897963   1148113
598.173419   1148649
598.448875   1149185
598.724331   1149721
598.999787   1150257
599.275243   1150793
599.550699   1151329
599.826155   1151865
600.101611   1152401
600.377067   1152937
600.652523   1153473
600.927979   1154009
601.203435   1154545
601.478891   1155081
601.754347   1155617
602.029803   1156153
602.305259   1156689
602.580715   1157225
602.856171   1157761
603.131627   1158297
604.132627   1158297
604.408083   1158833
604.683539   1159369
604.958995   1159905
605.234451   1160441
605.509907   1160977
605.785363   1161513
606.060819   1162049
606.336275   1162585
606.611731   1163121
607.612731   1163121
607.888187   1163657
608.163643   1164193
608.439099   1164729
608.714555   1165265
608.990011   1165801
609.265467   1166337
609.540923   1166873
609.816379   1167409
610.091835   1167945
610.367291   1168481
610.642747   1169017
610.918203   1169553
611.193659   1170089
611.469115   1170625
611.744571   1171161
612.020027   1171697
612.295483   1172233
612.570939   1172769
612.846395   1173305
613.121851   1173841
613.397307   1174377
613.672763   1174913
613.948219   1175449
614.223675   1175985
614.499131   1176521
614.774587   1177057
615.050043   1177593
615.325499   1178129
615.600955   1178665
615.876411   1179201
616.151867   1179737
616.427323   1180273
616.702779   1180809
616.978235   1181345
617.253691   1181881
617.529147   1182417
617.804603   1182953
618.080059   1183489
618.355515   1184025
618.630971   1184561
618.906427   1185097
619.181883   1185633
619.457339   1186169
619.732795   1186705
620.008251   1187241
620.283707   1187777
620.559163   1188313
620.834619   1188849
621.110075   1189385
621.385531   1189921
621.660987   1190457
621.936443   1190993
622.211899   1191529
622.487355   1192065
622.762811   1192601
623.038267   1193137
623.313723   1193673
623.589179   1194209
623.864635   1194745
624.140091   1195281
624.415547   1195817
624.691003   1196353
624.966459   1196889
625.241915   1197425
625.517371   1197961
625.792827   1198497
626.068283   1199033
626.343739   1199569
626.619195   1200105
626.894651   1200641
627.170107   1201177
627.445563   1201713
627.721019   1202249
627.996475   1202785
628.271931   1203321
628.547387   1203857
628.822843   1204393
629.098299   1204929
629.373755   1205465
629.649211   1206001
629.924667   1206537
630.200123   1207073
630.475579   1207609
630.751035   1208145
631.026491   1208681
631.301947   1209217
631.577403   1209753
631.852859   1210289
632.128315   1210825
632.403771   1211361
632.679227   1211897
632.954683   1212433
633.230139   1212969
633.505595   1213505
633.781051   1214041
634.056507   1214577
634.331963   1215113
634.607419   1215649
634.882875   1216185
635.158331   1216721
635.433787   1217257
635.709243   1217793
635.984699   1218329
636.260155   1218865
636.535611   1219401
636.811067   1219937
637.086523   1220473
637.361979   1221009
637.637435   1221545
637.912891   1222081
638.188347   1222617
638.463803   1223153
638.739259   1223689
639.014715   1224225
639.290171   1224761
639.565627   1225297
639.841083   1225833
640.116539   1226369
640.391995   1226905
640.667451   1227441
640.942907   1227977
641.218363   1228513
641.493819   1229049
641.769275   1229585
642.044731   1230121
642.320187   1230657
642.595643   1231193
642.871099   1231729
643.146555   1232265
643.422011   1232801
643.697467   1233337
643.972923   1233873
644.248379   1234409
644.523835   1234945
644.799291   1235481
645.074747   1236017
645.350203   1236553
645.625659   1237089
645.901115   1237625
646.176571   1238161
646.452027   1238697
646.727483   1239233
647.002939   1239769
647.278395   1240305
647.553851   1240841
647.829307   1241377
648.104763   1241913
648.380219   1242449
648.655675   1242985
648.931131   1243521
649.206587   1244057
649.482043   1244593
649.757499   1245129
650.032955   1245665
650.308411   1246201
650.583867   1246737
650.859323   1247273
651.134779   1247809
651.410235   1248345
651.685691   1248881
651.961147   1249417
652.236603   1249953
652.512059   1250489
652.787515   1251025
653.062971   1251561
653.338427   1252097
653.613883   1252633
653.889339   1253169
654.164795   1253705
654.440251   1254241
654.715707   1254777
654.991163   1255313
655.266619   1255849
655.542075   1256385
655.817531   1256921
656.092987   1257457
656.368443   1257993
656.643899   1258529
656.919355   1259065
657.194811   1259601
657.470267   1260137
657.745723   1260673
658.021179   1261209
658.296635   1261745
658.572091   1262281
658.847547   1262817
659.123003   1263353
659.398459   1263889
659.673915   1264425
659.949371   1264961
660.224827   1265497
660.500283   1266033
660.775739   1266569
661.051195   1267105
661.326651   1267641
661.602107   1268177
661.877563   1268713
662.153019   1269249
662.428475   1269785
662.703931   1270321
662.979387   1270857
663.254843   1271393
663.530299   1271929
663.805755   1272465
664.081211   1273001
664.356667   1273537
664.632123   1274073
664.907579   1274609
665.183035   1275145
665.458491   1275681
665.733947   1276217
666.009403   1276753
666.284859   1277289
666.560315   1277825
666.835771   1278361
667.111227   1278897
667.386683   1279433
667.662139   1279969
667.937595   1280505
668.213051   1281041
668.488507   1281577
668.763963   1282113
669.039419   1282649
669.314875   1283185
669.590331   1283721
669.865787   1284257
670.141243   1284793
670.416699   1285329
670.692155   1285865
670.967611   1286401
671.243067   1286937
671.518523   1287473
671.793979   1288009
672.069435   1288545
672.344891   1289081
672.620347   1289617
672.895803   1290153
673.171259   1290689
673.446715   1291225
673.722171   1291761
673.997627   1292297
674.273083   1292833
674.548539   1293369
674.823995   1293905
675.099451   1294441
675.374907   1294977
675.650363   1295513
675.925819   1296049
676.201275   1296585
676.476731   1297121
676.752187   1297657
677.027643   1298193
677.303099   1298729
677.578555   1299265
677.854011   1299801
678.129467   1300337
678.404923   1300873
678.680379   1301409
678.955835   1301945
679.231291   1302481
679.506747   1303017
679.782203   1303553
680.057659   1304089
680.333115   1304625
680.608571   1305161
680.884027   1305697
681.159483   1306233
681.434939   1306769
681.710395   1307305
681.985851   1307841
682.261307   1308377
682.536763   1308913
682.812219   1309449
683.087675   1309985
683.363131   1310521
683.638587   1311057
683.914043   1311593
684.189499   1312129
684.464955   1312665
684.740411   1313201
685.015867   1313737
685.291323   1314273
685.566779   1314809
685.842235   1315345
686.117691   1315881
687.118691   1315881
687.394147   1316417
687.669603   1316953
687.945059   1317489
688.220515   1318025
688.495971   1318561
688.771427   1319097
689.046883   1319633
689.322339   1320169
689.597795   1320705
689.873251   1321241
690.148707   1321777
690.424163   1322313
690.699619   1322849
690.975075   1323385
691.250531   1323921
691.525987   1324457
691.801443   1324993
692.076899   1325529
692.352355   1326065
692.627811   1326601
692.903267   1327137
693.178723   1327673
693.454179   1328209
693.729635   1328745
694.005091   1329281
694.280547   1329817
694.556003   1330353
694.831459   1330889
695.106915   1331425
695.382371   1331961
695.657827   1332497
695.933283   1333033
696.208739   1333569
696.484195   1334105
696.759651   1334641
697.035107   1335177
697.310563   1335713
697.586019   1336249
697.861475   1336785
698.136930   1337321
698.412386   1337857
698.687842   1338393
698.963298   1338929
699.238754   1339465
699.514210   1340001
699.789666   1340537
700.065122   1341073
700.340578   1341609
700.616034   1342145
700.891490   1342681
701.166946   1343217
701.442402   1343753
701.717858   1344289
701.993314   1344825
702.268770   1345361
702.544226   1345897
702.819682   1346433
703.095138   1346969
703.370594   1347505
703.646050   1348041
703.921506   1348577
704.196962   1349113
704.472418   1349649
704.747874   1350185
705.023330   1350721
705.298786   1351257
705.574242   1351793
705.849698   1352329
706.125154   1352865
706.400610   1353401
706.676066   1353937
706.951522   1354473
707.226978   1355009
707.502434   1355545
707.777890   1356081
708.053346   1356617
708.328802   1357153
708.604258   1357689
708.879714   1358225
709.155170   1358761
709.430626   1359297
709.706082   1359833
709.981538   1360369
710.256994   1360905
710.532450   1361441
710.807906   1361977
711.083362   1362513
711.358818   1363049
711.634274   1363585
711.909730   1364121
712.185186   1364657
712.460642   1365193
712.736098   1365729
713.011554   1366265
713.287010   1366801
713.562466   1367337
713.837922   1367873
714.113378   1368409
714.388834   1368945
714.664290   1369481
714.939746   1370017
715.215202   1370553
715.490658   1371089
715.766114   1371625
716.041570   1372161
716.317026   1372697
716.592482   1373233
716.867938   1373769
717.143394   1374305
717.418850   1374841
717.694306   1375377
717.969762   1375913
718.245218   1376449
718.520674   1376985
718.796130   1377521
719.071586   1378057
719.347042   1378593
719.622498   1379129
719.897954   1379665
720.173410   1380201
720.448866   1380737
720.724322   1381273
720.999778   1381809
721.275234   1382345
721.550690   1382881
721.826146   1383417
722.101602   1383953
722.377058   1384489
722.652514   1385025
722.927970   1385561
723.928970   1385561
724.204426   1386097
724.479882   1386633
724.755338   1387169
725.030794   1387705
725.306250   1388241
725.581706   1388777
725.857162   1389313
726.132618   1389849
726.408074   1390385
726.683530   1390921
726.958986   1391457
727.234442   1391993
728.235442   1391993
728.510898   1392529
728.786354   1393065
729.061810   1393601
729.337266   1394137
729.612722   1394673
729.888178   1395209
730.163634   1395745
730.439090   1396281
730.714546   1396817
730.990002   1397353
731.265458   1397889
731.540914   1398425
731.816370   1398961
732.817370   1398961
733.092826   1399497
734.093826   1399497
734.369282   1400033
734.644738   1400569
734.920194   1401105
735.195650   1401641
735.471106   1402177
735.746562   1402713
736.022018   1403249
736.297474   1403785
736.572930   1404321
736.848386   1404857
737.123842   1405393
737.399298   1405929
737.674754   1406465
737.950210   1407001
738.225666   1407537
738.501122   1408073
738.776578   1408609
739.052034   1409145
739.327490   1409681
739.602946   1410217
739.878402   1410753
740.153858   1411289
740.429314   1411825
740.704770   1412361
740.980226   1412897
741.255682   1413433
741.531138   1413969
741.806594   1414505
742.082050   1415041
742.357506   1415577
742.632962   1416113
742.908418   1416649
743.183874   1417185
743.459330   1417721
743.734786   1418257
744.010242   1418793
744.285698   1419329
744.561154   1419865
744.836610   1420401
745.112066   1420937
745.387522   1421473
745.662978   1422009
745.938434   1422545
746.213890   1423081
746.489346   1423617
746.764802   1424153
747.040258   1424689
747.315714   1425225
747.591170   1425761
747.866626   1426297
748.142082   1426833
748.417538   1427369
748.692994   1427905
748.968450   1428441
749.243906   1428977
749.519362   1429513
749.794818   1430049
750.070274   1430585
750.345730   1431121
750.621186   1431657
750.896642   1432193
751.172098   1432729
751.447554   1433265
751.723010   1433801
751.998466   1434337
752.273922   1434873
752.549378   1435409
752.824834   1435945
753.100290   1436481
753.375746   1437017
753.651202   1437553
753.926658   1438089
754.202114   1438625
754.477570   1439161
754.753026   1439697
755.028482   1440233
755.303938   1440769
755.579394   1441305
755.854850   1441841
756.130306   1442377
756.405762   1442913
756.681218   1443449
756.956674   1443985
757.232130   1444521
757.507586   1445057
757.783042   1445593
758.058498   1446129
758.333954   1446665
758.609410   1447201
759.610410   1447201
759.885866   1447737
760.161322   1448273
760.436778   1448809
760.712234   1449345
760.987690   1449881
761.263146   1450417
761.538602   1450953
761.814058   1451489
762.089514   1452025
762.364970   1452561
762.640426   1453097
762.915882   1453633
763.191338   1454169
763.466794   1454705
763.742250   1455241
764.017706   1455777
764.293162   1456313
764.568618   1456849
764.844074   1457385
765.119530   1457921
765.394986   1458457
765.670442   1458993
765.945898   1459529
766.221354   1460065
766.496810   1460601
766.772266   1461137
767.047722   1461673
767.323178   1462209
767.598634   1462745
767.874090   1463281
768.149546   1463817
768.425002   1464353
768.700458   1464889
768.975914   1465425
769.251370   1465961
769.526826   1466497
769.802282   1467033
770.077738   1467569
770.353194   1468105
770.628650   1468641
770.904106   1469177
771.179562   1469713
771.455018   1470249
771.730474   1470785
772.005930   1471321
772.281386   1471857
772.556842   1472393
772.832298   1472929
773.107754   1473465
773.383210   1474001
773.658666   1474537
773.934122   1475073
774.209578   1475609
774.485034   1476145
774.760490   1476681
775.035946   1477217
775.311402   1477753
775.586858   1478289
775.862314   1478825
776.137770   1479361
776.413226   1479897
776.688682   1480433
776.964138   1480969
777.239594   1481505
777.515050   1482041
777.790506   1482577
778.065962   1483113
778.341418   1483649
778.616874   1484185
778.892330   1484721
779.167786   1485257
779.443242   1485793
779.718698   1486329
779.994154   1486865
780.269610   1487401
780.545066   1487937
780.820522   1488473
781.095978   1489009
781.371434   1489545
781.646890   1490081
781.922346   1490617
782.197802   1491153
782.473258   1491689
782.748714   1492225
783.024170   1492761
783.299626   1493297
783.575082   1493833
783.850538   1494369
784.125994   1494905
784.401450   1495441
784.676906   1495977
784.952362   1496513
785.227818   1497049
785.503274   1497585
785.778730   1498121
786.054186   1498657
786.329642   1499193
786.605098   1499729
786.880554   1500265
787.156010   1500801
787.431466   1501337
787.706922   1501873
787.982378   1502409
788.257834   1502945
788.533290   1503481
788.808746   1504017
789.084202   1504553
789.359658   1505089
789.635114   1505625
789.910570   1506161
790.186026   1506697
790.461482   1507233
790.736938   1507769
791.012394   1508305
791.287850   1508841
791.563306   1509377
791.838762   1509913
792.114218   1510449
792.389674   1510985
792.665130   1511521
792.940586   1512057
793.216042   1512593
793.491498   1513129
793.766954   1513665
794.042410   1514201
794.317866   1514737
794.593322   1515273
794.868778   1515809
795.144234   1516345
795.419690   1516881
795.695146   1517417
795.970602   1517953
796.246058   1518489
796.521514   1519025
796.796970   1519561
797.072426   1520097
797.347882   1520633
797.623338   1521169
797.898794   1521705
798.174250   1522241
798.449706   1522777
798.725162   1523313
799.000618   1523849
799.276074   1524385
799.551530   1524921
799.826986   1525457
800.102442   1525993
800.377898   1526529
800.653354   1527065
800.928810   1527601
801.204266   1528137
801.479722   1528673
801.755178   1529209
802.030634   1529745
802.306090   1530281
802.581546   1530817
802.857002   1531353
803.132458   1531889
803.407914   1532425
803.683370   1532961
803.958826   1533497
804.234282   1534033
804.509738   1534569
804.785194   1535105
805.060650   1535641
805.336106   1536177
805.611562   1536713
805.887018   1537249
806.162474   1537785
806.437930   1538321
806.713386   1538857
806.988842   1539393
807.264298   1539929
807.539754   1540465
807.815210   1541001
808.090666   1541537
808.366122   1542073
808.641578   1542609
808.917034   1543145
809.192490   1543681
809.467946   1544217
809.743402   1544753
810.018858   1545289
810.294314   1545825
810.569770   1546361
810.845226   1546897
811.120682   1547433
811.396138   1547969
811.671594   1548505
811.947050   1549041
812.222506   1549577
812.497962   1550113
812.773418   1550649
813.048874   1551185
813.324330   1551721
813.599786   1552257
813.875242   1552793
814.150698   1553329
814.426154   1553865
814.701610   1554401
814.977066   1554937
815.252522   1555473
815.527978   1556009
815.803434   1556545
816.078890   1557081
816.354346   1557617
816.629802   1558153
816.905258   1558689
817.180714   1559225
817.456170   1559761
817.731626   1560297
818.007082   1560833
818.282538   1561369
818.557994   1561905
818.833450   1562441
819.108906   1562977
819.384362   1563513
819.659818   1564049
819.935274   1564585
820.210730   1565121
820.486186   1565657
820.761642   1566193
821.037098   1566729
821.312554   1567265
821.588010   1567801
821.863466   1568337
822.138922   1568873
822.414378   1569409
822.689834   1569945
822.965290   1570481
823.240746   1571017
823.516202   1571553
823.791658   1572089
824.067114   1572625
824.342570   1573161
824.618026   1573697
824.893482   1574233
825.168938   1574769
825.444394   1575305
825.719850   1575841
825.995306   1576377
826.270762   1576913
826.546218   1577449
826.821674   1577985
827.097130   1578521
827.372586   1579057
827.648042   1579593
827.923498   1580129
828.198954   1580665
828.474410   1581201
828.749866   1581737
829.025322   1582273
829.300778   1582809
829.576234   1583345
829.851690   1583881
830.127146   1584417
830.402602   1584953
830.678058   1585489
830.953514   1586025
831.228970   1586561
831.504426   1587097
831.779882   1587633
832.055338   1588169
832.330794   1588705
832.606250   1589241
832.881706   1589777
833.157162   1590313
833.432618   1590849
833.708074   1591385
833.983530   1591921
834.258986   1592457
834.534442   1592993
834.809898   1593529
835.085354   1594065
835.360810   1594601
835.636266   1595137
835.911722   1595673
836.187178   1596209
836.462634   1596745
836.738090   1597281
837.013546   1597817
837.289002   1598353
837.564458   1598889
837.839914   1599425
838.115370   1599961
838.390826   1600497
838.666282   1601033
838.941738   1601569
839.217194   1602105
839.492650   1602641
839.768106   1603177
840.043561   1603713
840.319017   1604249
840.594473   1604785
840.869929   1605321
841.145385   1605857
841.420841   1606393
841.696297   1606929
841.971753   1607465
842.247209   1608001
842.522665   1608537
842.798121   1609073
843.073577   1609609
843.349033   1610145
843.624489   1610681
843.899945   1611217
844.175401   1611753
844.450857   1612289
844.726313   1612825
845.001769   1613361
845.277225   1613897
845.552681   1614433
845.828137   1614969
846.103593   1615505
846.379049   1616041
846.654505   1616577
846.929961   1617113
847.205417   1617649
847.480873   1618185
847.756329   1618721
848.031785   1619257
848.307241   1619793
848.582697   1620329
848.858153   1620865
849.133609   1621401
849.409065   1621937
849.684521   1622473
849.959977   1623009
850.235433   1623545
850.510889   1624081
850.786345   1624617
851.061801   1625153
851.337257   1625689
851.612713   1626225
851.888169   1626761
852.163625   1627297
852.439081   1627833
852.714537   1628369
852.989993   1628905
853.265449   1629441
853.540905   1629977
853.816361   1630513
854.091817   1631049
854.367273   1631585
854.642729   1632121
854.918185   1632657
855.193641   1633193
855.469097   1633729
855.744553   1634265
856.020009   1634801
856.295465   1635337
856.570921   1635873
856.846377   1636409
857.121833   1636945
857.397289   1637481
857.672745   1638017
857.948201   1638553
858.223657   1639089
858.499113   1639625
858.774569   1640161
859.050025   1640697
859.325481   1641233
859.600937   1641769
859.876393   1642305
860.151849   1642841
860.427305   1643377
860.702761   1643913
860.978217   1644449
861.253673   1644985
861.529129   1645521
861.804585   1646057
862.080041   1646593
862.355497   1647129
862.630953   1647665
862.906409   1648201
863.181865   1648737
863.457321   1649273
863.732777   1649809
864.008233   1650345
864.283689   1650881
864.559145   1651417
864.834601   1651953
865.110057   1652489
865.385513   1653025
865.660969   1653561
865.936425   1654097
866.211881   1654633
866.487337   1655169
866.762793   1655705
867.038249   1656241
867.313705   1656777
867.589161   1657313
867.864617   1657849
868.140073   1658385
868.415529   1658921
868.690985   1659457
868.966441   1659993
869.241897   1660529
869.517353   1661065
869.792809   1661601
870.068265   1662137
870.343721   1662673
870.619177   1663209
870.894633   1663745
871.170089   1664281
871.445545   1664817
871.721001   1665353
871.996457   1665889
872.271913   1666425
872.547369   1666961
872.822825   1667497
873.098281   1668033
873.373737   1668569
873.649193   1669105
873.924649   1669641
874.200105   1670177
874.475561   1670713
874.751017   1671249
875.026473   1671785
875.301929   1672321
875.577385   1672857
875.852841   1673393
876.128297   1673929
876.403753   1674465
876.679209   1675001
876.954665   1675537
877.230121   1676073
877.505577   1676609
877.781033   1677145
878.056489   1677681
878.331945   1678217
878.607401   1678753
878.882857   1679289
879.158313   1679825
879.433769   1680361
879.709225   1680897
879.984681   1681433
880.260137   1681969
880.535593   1682505
880.811049   1683041
881.086505   1683577
881.361961   1684113
881.637417   1684649
881.912873   1685185
882.188329   1685721
882.463785   1686257
882.739241   1686793
883.014697   1687329
883.290153   1687865
883.565609   1688401
883.841065   1688937
884.116521   1689473
884.391977   1690009
884.667433   1690545
884.942889   1691081
885.218345   1691617
885.493801   1692153
885.769257   1692689
886.044713   1693225
886.320169   1693761
886.595625   1694297
886.871081   1694833
887.146537   1695369
887.421993   1695905
887.697449   1696441
887.972905   1696977
888.248361   1697513
888.523817   1698049
888.799273   1698585
889.074729   1699121
889.350185   1699657
889.625641   1700193
889.901097   1700729
890.176553   1701265
890.452009   1701801
890.727465   1702337
891.002921   1702873
891.278377   1703409
891.553833   1703945
891.829289   1704481
892.104745   1705017
892.380201   1705553
892.655657   1706089
892.931113   1706625
893.206569   1707161
893.482025   1707697
893.757481   1708233
894.032937   1708769
894.308393   1709305
894.583849   1709841
894.859305   1710377
895.860305   1710377
896.135761   1710913
896.411217   1711449
896.686673   1711985
896.962129   1712521
897.237585   1713057
897.513041   1713593
897.788497   1714129
898.063953   1714665
898.339409   1715201
898.614865   1715737
898.890321   1716273
899.165777   1716809
900.166777   1716809
900.442233   1717345
900.717689   1717881
900.993145   1718417
901.268601   1718953
901.544057   1719489
901.819513   1720025
902.094969   1720561
902.370425   1721097
902.645881   1721633
902.921337   1722169
903.196793   1722705
903.472249   1723241
903.747705   1723777
904.023161   1724313
904.298617   1724849
904.574073   1725385
904.849529   1725921
905.124985   1726457
905.400441   1726993
905.675897   1727529
905.951353   1728065
906.226809   1728601
906.502265   1729137
906.777721   1729673
907.053177   1730209
907.328633   1730745
907.604089   1731281
907.879545   1731817
908.155001   1732353
908.430457   1732889
908.705913   1733425
908.981369   1733961
909.256825   1734497
909.532281   1735033
909.807737   1735569
910.083193   1736105
910.358649   1736641
910.634105   1737177
910.909561   1737713
911.185017   1738249
911.460473   1738785
911.735929   1739321
912.011385   1739857
912.286841   1740393
912.562297   1740929
912.837753   1741465
913.113209   1742001
913.388665   1742537
913.664121   1743073
913.939577   1743609
914.215033   1744145
914.490489   1744681
914.765945   1745217
915.041401   1745753
915.316857   1746289
915.592313   1746825
915.867769   1747361
916.143225   1747897
916.418681   1748433
916.694137   1748969
916.969593   1749505
917.245049   1750041
917.520505   1750577
917.795961   1751113
918.071417   1751649
918.346873   1752185
918.622329   1752721
918.897785   1753257
919.173241   1753793
919.448697   1754329
919.724153   1754865
919.999609   1755401
920.275065   1755937
920.550521   1756473
920.825977   1757009
921.101433   1757545
921.376889   1758081
921.652345   1758617
921.927801   1759153
922.203257   1759689
922.478713   1760225
922.754169   1760761
923.029625   1761297
923.305081   1761833
923.580537   1762369
923.855993   1762905
924.131449   1763441
924.406905   1763977
924.682361   1764513
924.957817   1765049
925.233273   1765585
925.508729   1766121
925.784185   1766657
926.059641   1767193
926.335097   1767729
926.610553   1768265
926.886009   1768801
927.161465   1769337
927.436921   1769873
927.712377   1770409
927.987833   1770945
928.263289   1771481
928.538745   1772017
928.814201   1772553
929.089657   1773089
929.365113   1773625
929.640569   1774161
929.916025   1774697
930.191481   1775233
930.466937   1775769
930.742393   1776305
931.017849   1776841
931.293305   1777377
931.568761   1777913
931.844217   1778449
932.119673   1778985
932.395129   1779521
932.670585   1780057
932.946041   1780593
933.221497   1781129
933.496953   1781665
933.772409   1782201
934.047865   1782737
934.323321   1783273
934.598777   1783809
934.874233   1784345
935.149689   1784881
935.425145   1785417
935.700601   1785953
935.976057   1786489
936.251513   1787025
936.526969   1787561
936.802425   1788097
937.077881   1788633
937.353337   1789169
937.628793   1789705
937.904249   1790241
938.179705   1790777
938.455161   1791313
938.730617   1791849
939.006073   1792385
939.281529   1792921
939.556985   1793457
939.832441   1793993
940.107897   1794529
940.383353   1795065
940.658809   1795601
940.934265   1796137
941.209721   1796673
941.485177   1797209
941.760633   1797745
942.036089   1798281
942.311545   1798817
943.312545   1798817
943.588001   1799353
943.863457   1799889
944.138913   1800425
944.414369   1800961
944.689825   1801497
944.965281   1802033
945.240737   1802569
945.516193   1803105
945.791649   1803641
946.067105   1804177
946.342561   1804713
946.618017   1805249
946.893473   1805785
947.168929   1806321
947.444385   1806857
947.719841   1807393
947.995297   1807929
948.270753   1808465
948.546209   1809001
948.821665   1809537
949.097121   1810073
949.372577   1810609
949.648033   1811145
949.923489   1811681
950.198945   1812217
950.474401   1812753
950.749857   1813289
951.025313   1813825
951.300769   1814361
951.576225   1814897
951.851681   1815433
952.127137   1815969
952.402593   1816505
952.678049   1817041
952.953505   1817577
953.228961   1818113
953.504417   1818649
953.779873   1819185
954.055329   1819721
954.330785   1820257
954.606241   1820793
954.881697   1821329
955.157153   1821865
955.432609   1822401
955.708065   1822937
955.983521   1823473
956.258977   1824009
956.534433   1824545
956.809889   1825081
957.085345   1825617
957.360801   1826153
957.636257   1826689
957.911713   1827225
958.187169   1827761
958.462625   1828297
958.738081   1828833
959.013537   1829369
959.288993   1829905
959.564449   1830441
959.839905   1830977
960.115361   1831513
960.390817   1832049
960.666273   1832585
960.941729   1833121
961.217185   1833657
961.492641   1834193
961.768097   1834729
962.043553   1835265
962.319009   1835801
962.594465   1836337
962.869921   1836873
963.145377   1837409
963.420833   1837945
963.696289   1838481
963.971745   1839017
964.247201   1839553
964.522657   1840089
964.798113   1840625
965.073569   1841161
965.349025   1841697
965.624481   1842233
965.899937   1842769
966.175393   1843305
966.450849   1843841
966.726305   1844377
967.001761   1844913
967.277217   1845449
967.552673   1845985
967.828129   1846521
968.103585   1847057
968.379041   1847593
968.654497   1848129
968.929953   1848665
969.205409   1849201
969.480865   1849737
969.756321   1850273
970.031777   1850809
970.307233   1851345
970.582689   1851881
970.858145   1852417
971.133601   1852953
971.409057   1853489
971.684513   1854025
971.959969   1854561
972.235425   1855097
972.510881   1855633
972.786337   1856169
973.061793   1856705
973.337249   1857241
973.612705   1857777
973.888161   1858313
974.163617   1858849
974.439073   1859385
974.714529   1859921
974.989985   1860457
975.265441   1860993
975.540897   1861529
975.816353   1862065
976.091809   1862601
976.367265   1863137
976.642721   1863673
976.918177   1864209
977.193633   1864745
977.469089   1865281
977.744545   1865817
978.020001   1866353
978.295457   1866889
978.570913   1867425
978.846369   1867961
979.121825   1868497
979.397281   1869033
979.672737   1869569
979.948193   1870105
980.223649   1870641
980.499104   1871177
980.774560   1871713
981.050016   1872249
981.325472   1872785
981.600928   1873321
981.876384   1873857
982.877384   1873857
983.152840   1874393
983.428296   1874929
983.703752   1875465
983.979208   1876001
984.254664   1876537
984.530120   1877073
984.805576   1877609
985.081032   1878145
985.356488   1878681
985.631944   1879217
985.907400   1879753
986.182856   1880289
986.458312   1880825
986.733768   1881361
987.009224   1881897
987.284680   1882433
987.560136   1882969
987.835592   1883505
988.111048   1884041
988.386504   1884577
988.661960   1885113
988.937416   1885649
989.212872   1886185
989.488328   1886721
989.763784   1887257
990.039240   1887793
990.314696   1888329
990.590152   1888865
990.865608   1889401
991.141064   1889937
991.416520   1890473
991.691976   1891009
991.967432   1891545
992.242888   1892081
992.518344   1892617
992.793800   1893153
993.069256   1893689
993.344712   1894225
993.620168   1894761
993.895624   1895297
994.171080   1895833
994.446536   1896369
994.721992   1896905
994.997448   1897441
995.272904   1897977
995.548360   1898513
995.823816   1899049
996.099272   1899585
996.374728   1900121
996.650184   1900657
996.925640   1901193
997.201096   1901729
997.476552   1902265
997.752008   1902801
998.027464   1903337
998.302920   1903873
998.578376   1904409
998.853832   1904945
999.129288   1905481
999.404744   1906017
999.680200   1906553
999.955656   1907089
1000.231112   1907625
1000.506568   1908161
1000.782024   1908697
1001.057480   1909233
1001.332936   1909769
1001.608392   1910305
1001.883848   1910841
1002.159304   1911377
1002.434760   1911913
1002.710216   1912449
1002.985672   1912985
1003.261128   1913521
1003.536584   1914057
1003.812040   1914593
1004.813040   1914593
1005.088496   1915129
1005.363952   1915665
1005.639408   1916201
1005.914864   1916737
1006.190320   1917273
1006.465776   1917809
1006.741232   1918345
1007.016688   1918881
1007.292144   1919417
1007.567600   1919953
1007.843056   1920489
1008.118512   1921025
1008.393968   1921561
1008.669424   1922097
1008.944880   1922633
1009.220336   1923169
1009.495792   1923705
1009.771248   1924241
1010.046704   1924777
1010.322160   1925313
1010.597616   1925849
1010.873072   1926385
1011.148528   1926921
1011.423984   1927457
1011.699440   1927993
1011.974896   1928529
1012.250352   1929065
1012.525808   1929601
1012.801264   1930137
1013.076720   1930673
1013.352176   1931209
1013.627632   1931745
1013.903088   1932281
1014.178544   1932817
1014.454000   1933353
1014.729456   1933889
1015.004912   1934425
1015.280368   1934961
1015.555824   1935497
1015.831280   1936033
1016.106736   1936569
1016.382192   1937105
1016.657648   1937641
1016.933104   1938177
1017.208560   1938713
1017.484016   1939249
1017.759472   1939785
1018.034928   1940321
1018.310384   1940857
1018.585840   1941393
1019.586840   1941393
1019.862296   1941929
1020.137752   1942465
1020.413208   1943001
1020.688664   1943537
1020.964120   1944073
1021.239576   1944609
1021.515032   1945145
1021.790488   1945681
1022.065944   1946217
1022.341400   1946753
1022.616856   1947289
1022.892312   1947825
1023.167768   1948361
1023.443224   1948897
1023.718680   1949433
1023.994136   1949969
1024.269592   1950505
1024.545048   1951041
1024.820504   1951577
1025.095960   1952113
1025.371416   1952649
1025.646872   1953185
1025.922328   1953721
1026.197784   1954257
1026.473240   1954793
1026.748696   1955329
1027.024152   1955865
1027.299608   1956401
1027.575064   1956937
1027.850520   1957473
1028.125976   1958009
1028.401432   1958545
1028.676888   1959081
1028.952344   1959617
1029.227800   1960153
1029.503256   1960689
1030.504256   1960689
1030.779712   1961225
1031.055168   1961761
1031.330624   1962297
1031.606080   1962833
1031.881536   1963369
1032.156992   1963905
1032.432448   1964441
1032.707904   1964977
1032.983360   1965513
1033.258816   1966049
1033.534272   1966585
1033.809728   1967121
1034.085184   1967657
1034.360640   1968193
1034.636096   1968729
1034.911552   1969265
1035.187008   1969801
1035.462464   1970337
1035.737920   1970873
1036.013376   1971409
1036.288832   1971945
1036.564288   1972481
1036.839744   1973017
1037.115200   1973553
1037.390656   1974089
1037.666112   1974625
1037.941568   1975161
1038.217024   1975697
1038.492480   1976233
1038.767936   1976769
1039.043392   1977305
1039.318848   1977841
1039.594304   1978377
1039.869760   1978913
1040.145216   1979449
1040.420672   1979985
1040.696128   1980521
1040.971584   1981057
1041.247040   1981593
1041.522496   1982129
1041.797952   1982665
1042.073408   1983201
1042.348864   1983737
1042.624320   1984273
1042.899776   1984809
1043.175232   1985345
1043.450688   1985881
1043.726144   1986417
1044.001600   1986953
1044.277056   1987489
1044.552512   1988025
1044.827968   1988561
1045.103424   1989097
1045.378880   1989633
1045.654336   1990169
1045.929792   1990705
1046.205248   1991241
1046.480704   1991777
1046.756160   1992313
1047.031616   1992849
1047.307072   1993385
1047.582528   1993921
1047.857984   1994457
1048.133440   1994993
1048.408896   1995529
1048.684352   1996065
1048.959808   1996601
1049.235264   1997137
1049.510720   1997673
1049.786176   1998209
1050.061632   1998745
1050.337088   1999281
1050.612544   1999817
