2.611567 184385
2.739007 185993
4.248127 218153
4.323583 219761
4.399039 220833
4.700863 226193
4.776319 227801
4.851775 229409
5.078143 234233
5.153599 235841
5.229055 236913
5.530879 242273
5.606335 243881
5.681791 245489
5.908159 250313
5.983615 251921
6.059071 253529
6.285439 258353
6.360895 259961
6.436351 261569
6.662719 266393
6.738175 268001
6.964543 272825
7.039999 274433
7.115455 276041
7.917791 378953
9.201631 546721
10.603471 715025
12.325695 900481
13.622671 1017865
13.698127 1018937
15.386607 1158297
15.462063 1163657
17.306303 1315881
18.277855 1385561
19.240159 1385561
20.027951 1445593
22.378127 1708769
22.453583 1715737
23.274159 1795601
24.354207 1872249
25.113487 1912985
25.820911 1939785
26.443439 1958545
